>Sample10_ITS1-F TRIM QUALITY: 20
20 18 17 17 24 37 36 36 37 37 37 47 57 57 57 57 57
57 57 57 57 57 57 68 68 68 68 47 51 47 50 50 50 68
68 68 68 68 68 68 68 68 68 68 68 68 68 50 50 50 50
50 50 68 68 68 68 68 68 68 68 68 68 68 68 68 68 68
68 68 68 68 68 68 68 68 68 68 68 68 68 68 68 68 68
68 68 68 68 68 68 68 68 68 68 68 68 68 68 68 68 68
68 68 68 68 68 68 68 68 68 68 68 68 68 68 68 68 68
68 68 68 68 68 68 68 68 68 68 68 68 68 68 68 68 68
68 68 68 68 68 68 68 68 68 68 68 68 68 68 68 68 68
68 68 68 68 68 68 68 68 68 68 68 68 68 68 68 68 68
68 68 68 68 68 68 68 68 68 68 68 68 68 68 68 68 68
68 68 68 68 68 68 68 68 68 68 68 68 68 68 68 68 68
68 68 68 68 68 68 68 68 68 68 68 68 68 68 68 68 68
68 68 68 68 68 68 68 68 68 68 68 68 68 68 68 68 68
68 68 68 68 68 68 68 68 68 68 68 68 68 68 68 68 68
68 68 68 68 68 68 68 68 68 68 68 68 68 68 68 68 68
68 68 68 68 68 68 68 68 68 68 68 68 68 68 68 68 68
68 68 68 68 68 68 68 68 68 68 68 68 68 68 68 68 68
68 68 68 68 68 68 68 68 68 68 68 68 68 68 68 68 68
68 68 68 68 68 68 68 68 68 68 68 68 68 68 68 68 68
68 68 68 68 68 68 68 68 68 68 68 68 68 68 68 68 68
68 68 68 68 68 68 68 68 68 68 68 68 68 68 68 68 68
68 68 68 68 68 68 68 68 68 68 68 68 68 68 68 68 68
68 68 68 68 68 68 68 68 68 68 68 68 68 68 68 68 68
68 68 68 68 68 68 68 68 68 68 68 68 68 68 68 68 68
68 68 68 68 68 68 68 68 68 68 68 68 68 68 68 68 68
68 68 68 68 68 68 68 68 68 68 68 68 68 68 68 68 68
68 68 68 68 68 68 68 68 68 68 68 68 68 68 68 68 68
68 68 68 68 68 68 68 68 68 68 68 68 68 68 68 68 68
68 68 68 68 68 68 68 68 68 68 68 68 68 68 59 59 59
59 59 59 59 68 68 68 59 68 59 59 59 59 59 59 59 59
59 59 59 59 59 59 59 59 59 59 59 50 50 50 27 21

>Sample10_ITS4 TRIM QUALITY: 20
39 39 39 32 23 28 27 33 33 33 42 50 50 41 53 53 53
53 53 53 53 53 53 53 53 53 53 53 53 53 53 53 57 68
68 68 68 68 68 68 68 68 68 68 68 68 68 68 68 68 68
68 68 68 68 68 68 68 68 68 68 68 68 68 68 68 68 68
68 68 68 68 68 68 68 68 68 68 68 68 68 68 68 68 68
68 68 68 68 68 68 68 68 68 68 68 68 68 68 68 68 68
68 68 68 68 68 68 68 68 68 68 68 68 68 68 68 68 68
68 68 68 68 68 68 68 68 68 68 68 68 68 68 68 68 68
68 68 68 68 68 68 68 68 68 68 68 68 68 68 68 68 68
68 68 68 68 68 68 68 68 68 68 68 68 68 68 68 68 68
68 68 68 68 68 68 68 68 68 68 68 68 68 68 68 68 68
68 68 68 68 68 68 68 68 68 68 68 68 68 68 68 68 68
68 68 68 68 68 68 68 68 68 68 68 68 62 62 68 68 68
68 68 68 68 68 68 68 68 68 68 68 68 68 68 68 68 68
68 68 68 68 68 68 68 68 68 68 68 68 68 68 68 68 68
68 68 68 68 68 68 68 68 68 68 68 68 68 68 68 68 68
68 68 68 68 68 68 68 68 68 68 68 68 68 68 68 68 68
68 68 68 68 68 68 68 68 68 68 68 68 68 68 68 68 68
68 68 68 68 68 68 68 68 68 68 68 68 68 68 68 68 68
68 68 68 68 62 68 68 68 68 68 68 68 68 68 68 68 68
68 68 68 68 68 68 68 68 68 68 68 68 68 68 68 68 68
68 68 68 68 68 68 68 68 68 68 68 68 68 68 68 68 68
68 68 68 68 68 68 68 68 68 68 68 68 68 68 68 68 68
68 68 68 68 68 68 68 68 68 68 68 68 68 68 68 68 68
68 68 68 68 68 68 68 68 68 68 68 68 68 68 68 68 68
68 68 59 57 57 57 57 57 57 57 57 59 68 68 68 68 68
68 68 68 68 68 68 68 68 68 68 68 68 68 68 68 68 68
68 68 68 68 68 68 68 68 68 68 68 68 68 68 68 68 68
68 68 68 68 68 68 68 68 68 68 68 68 68 68 68 68 68
68 68 68 68 68 68 68 68 68 68 68 68 68 68 68 68 68
68 54 54 50 50 50 57 59 59 59 59 59 59 59 59 59 59
59 59 59 59 59 59 59 59 59 42 41 23 22 14 9 10 10
25 28 39 39

>Sample11_ITS1-F TRIM QUALITY: 20
22 22 42 50 50 53 50 57 59 57 57 50 50 50 50 50 50
57 50 59 59 59 57 57 50 68 68 68 50 50 68 68 68 68
68 68 57 53 57 57 57 57 50 54 68 68 68 68 68 68 68
68 68 68 68 68 68 68 68 68 68 68 68 68 68 68 57 68
68 68 68 68 68 68 68 57 57 57 57 57 59 68 59 59 59
68 68 68 68 68 68 68 68 68 57 57 57 59 59 59 59 68
68 68 59 59 59 59 59 59 59 59 59 59 59 59 59 59 59
59 59 57 57 57 68 68 68 68 68 68 68 68 68 68 68 68
68 68 68 68 68 59 59 59 57 57 57 57 57 57 59 59 59
59 59 59 57 57 57 57 57 57 68 68 68 68 68 68 68 68
68 68 68 68 62 62 62 62 62 62 62 68 68 68 68 62 62
62 62 62 62 62 68 62 62 62 62 62 62 62 68 68 68 68
68 68 68 68 68 62 62 62 68 68 68 68 68 68 68 68 68
68 68 68 68 68 68 62 62 68 68 68 68 68 68 68 68 68
68 68 68 68 68 68 68 68 68 68 68 68 68 62 62 62 68
68 68 68 68 68 62 62 62 62 62 68 68 68 68 68 62 62
62 62 62 68 68 68 68 68 68 68 68 68 68 62 62 62 62
62 62 62 68 68 68 62 62 62 62 62 62 62 68 68 68 68
62 62 62 62 62 62 62 68 68 68 68 68 68 68 68 62 62
62 62 62 62 62 62 62 62 62 68 68 68 68 68 68 68 68
68 68 68 68 68 68 68 68 68 68 68 68 68 68 68 68 68
68 68 68 68 68 68 68 68 68 68 62 62 62 62 62 62 62
68 62 62 62 62 59 59 59 68 68 68 68 68 68 59 59 59
59 59 57 57 57 59 59 59 57 57 57 57 57 57 57 59 59
59 57 57 57 59 59 68 68 68 68 68 68 59 59 59 59 59
57 57 57 59 59 68 68 68 68 59 59 57 57 57 59 59 59
68 68 68 68 59 59 68 68 68 68 68 68 59 59 59 59 59
59 59 59 59 59 59 59 68 59 59 59 59 59 57 57 57 59
59 59 59 59 59 68 59 59 59 59 57 59 59 68 68 68 68
68 68 68 68 68 68 68 68 68 68 59 68 68 68 59 59 59
59 68 68 59 59 54 54 59 59 59 68 68 68 57 57 57 57
59 59 48 48 48 59 59 59 59 59 59 59 57 48 48 48 59
59 59 23

>Sample11_ITS4 TRIM QUALITY: 20
28 31 31 33 33 59 59 59 53 53 57 53 53 53 57 57 57
57 57 57 57 57 57 57 68 68 68 68 68 68 68 68 68 68
68 68 68 68 68 68 68 68 68 68 68 68 68 68 68 68 68
68 68 68 68 68 68 68 68 68 68 68 68 68 68 68 68 68
68 68 68 68 68 68 68 68 68 68 68 68 68 68 68 68 68
68 68 68 68 68 68 68 68 68 68 68 68 68 68 68 68 68
68 68 68 68 68 68 68 68 68 68 68 68 68 68 68 68 68
68 68 68 68 68 68 68 68 68 68 68 68 68 68 68 68 68
68 68 68 68 68 68 68 68 68 68 68 68 68 68 68 57 59
59 59 59 59 68 68 68 68 68 68 68 68 68 68 68 68 68
68 68 68 68 68 68 68 68 68 68 68 68 68 68 68 68 68
68 68 62 62 62 62 62 62 62 68 68 68 68 68 68 68 68
68 68 68 68 68 68 68 68 68 68 68 68 68 68 68 68 68
68 68 68 68 68 68 68 68 68 68 68 68 68 68 68 68 68
68 68 68 68 68 68 68 68 68 68 68 68 68 68 68 68 68
68 68 68 68 68 68 68 68 68 68 68 68 68 68 68 68 68
68 68 68 68 68 68 68 68 68 68 68 68 68 68 68 68 68
68 68 68 68 68 68 68 68 68 68 68 68 68 68 68 68 68
68 68 68 68 68 68 68 68 68 68 68 68 68 68 68 68 68
68 68 68 68 68 68 68 68 68 68 68 68 62 62 62 62 62
68 68 68 68 68 68 68 62 62 62 62 62 62 62 68 68 68
68 68 68 68 68 68 68 68 68 68 68 68 68 68 68 68 68
68 68 68 68 68 68 68 68 68 68 68 68 68 68 68 68 68
68 68 68 68 68 68 68 68 68 68 68 68 68 68 68 68 68
68 68 68 68 68 68 68 68 68 68 68 68 68 68 68 68 68
68 68 68 68 68 68 68 68 68 68 68 68 68 68 68 68 68
68 68 68 68 68 68 68 68 68 68 68 68 68 68 68 68 68
68 68 68 68 68 68 68 68 68 68 68 68 68 68 68 68 68
68 68 68 68 68 68 68 59 59 59 59 68 68 68 68 68 68
68 68 68 68 59 59 59 59 59 59 59 59 59 59 68 68 68
68 59 59 59 57 57 57 57 68 68 68 68 68 68 68 57 57
59 59 59 59 59 59 59 59 59 59 59 59 59 59 57 57 37
37 28 28 28 34 34 41 39 39

>Sample12_ITS1-F TRIM QUALITY: 20
24 23 37 37 48 48 57 57 57 57 48 48 48 48 48 48 48
48 48 48 48 48 48 48 59 48 48 42 41 41 41 41 47 59
54 54 54 54 54 54 59 59 59 59 57 57 48 48 48 57 57
57 57 57 57 57 57 59 57 57 57 59 59 57 57 54 54 57
57 57 54 54 59 59 59 59 48 43 43 59 59 57 59 57 57
50 50 48 50 50 59 57 57 54 54 54 57 57 57 57 57 52
52 52 52 52 57 57 57 54 54 54 54 52 59 52 52 52 57
57 57 57 57 57 57 57 57 57 57 57 57 57 52 52 43 44
43 52 52 57 57 57 57 57 57 57 57 57 57 54 57 57 57
57 57 59 57 57 57 59 57 57 57 57 57 57 57 62 62 62
62 62 62 62 62 62 62 62 62 68 68 62 62 62 62 62 52
52 52 62 62 62 62 52 62 62 62 62 62 62 62 62 62 62
62 62 62 62 62 62 62 62 62 62 52 52 62 62 62 62 62
52 52 62 62 62 62 52 62 52 62 62 52 52 52 62 62 62
62 62 62 62 52 52 52 62 62 62 62 62 62 62 62 62 62
62 52 52 52 62 62 62 62 62 62 62 62 62 62 62 62 62
62 62 52 52 62 62 62 62 62 62 62 62 62 62 52 52 52
62 62 62 62 62 62 62 62 62 62 62 62 62 62 62 62 62
62 62 62 62 62 62 62 62 62 62 62 62 62 62 62 62 62
62 62 62 62 62 62 62 62 62 62 52 52 62 62 62 62 62
62 62 62 62 62 62 62 62 62 62 62 62 62 62 62 62 62
62 62 62 62 62 52 52 52 62 62 62 62 62 62 62 52 62
62 62 62 62 62 62 62 62 59 59 59 59 57 59 59 59 59
57 57 57 57 57 57 57 57 57 57 57 57 57 57 59 57 57
57 59 59 59 59 59 59 59 59 59 59 57 57 57 57 57 52
54 54 59 59 59 59 59 52 52 52 57 57 54 54 57 59 59
59 59 57 57 57 59 59 59 59 59 59 57 57 57 57 57 57
59 57 57 57 54 57 57 59 59 59 59 57 57 57 59 59 59
57 57 59 59 57 57 57 59 54 57 57 57 59 59 59 54 54
57 59 59 59 59 59 59 59 59 59 59 57 57 54 54 54 54
57 54 54 54 54 54 43 43 43 43 43 43 46 54 48 59 59
59 59 57 48 48 57 57 57 59 59 48 48 48 47 47 48 48
48 59 48 47 41 23

>Sample12_ITS4 TRIM QUALITY: 20
28 37 28 23 28 23 39 27 27 30 30 41 50 50 50 50 36
36 36 36 42 36 57 57 57 57 57 59 57 57 57 47 47 47
68 68 68 68 68 68 68 68 68 68 68 68 68 68 68 68 68
68 68 68 68 68 68 68 68 68 68 68 68 68 68 68 68 68
68 68 68 68 68 68 68 68 68 68 68 68 68 68 68 68 68
68 68 68 68 68 68 68 68 68 68 68 68 68 68 68 68 68
68 68 68 68 68 68 68 68 68 68 68 68 68 68 68 68 68
68 68 68 68 68 68 68 68 68 68 68 57 57 57 57 57 57
57 68 68 68 68 68 68 68 68 68 68 68 68 68 68 68 68
68 68 68 68 68 68 68 68 68 68 68 68 68 68 68 68 68
68 68 68 68 68 68 68 68 68 68 68 68 68 68 68 68 68
68 68 68 68 68 68 68 68 68 68 68 68 68 68 68 68 68
68 68 68 68 68 68 68 68 68 68 68 68 68 68 68 68 68
68 68 68 68 68 62 62 62 68 68 68 68 68 68 68 68 68
68 68 68 68 68 68 68 68 68 68 68 68 68 68 68 68 68
68 68 68 68 68 68 68 68 68 68 68 68 68 68 68 68 68
68 68 68 68 68 68 68 68 68 68 68 68 68 68 68 68 68
68 68 68 68 68 68 68 68 68 68 68 68 68 68 68 68 68
68 68 68 68 68 68 68 68 68 68 68 68 68 68 68 68 68
68 68 68 68 68 68 68 68 68 68 68 68 68 68 68 68 68
68 68 62 62 62 62 62 62 62 68 68 68 68 68 68 68 68
68 68 68 68 62 62 62 62 62 62 68 68 68 68 68 68 68
68 68 68 68 68 68 68 68 68 62 68 62 62 62 62 62 68
68 68 68 68 68 68 68 68 68 68 59 57 57 57 57 57 57
68 68 68 68 68 68 68 68 68 68 68 68 68 68 68 59 59
59 68 68 68 68 59 59 59 68 68 59 59 57 57 57 59 59
59 59 59 59 59 59 57 68 68 68 68 68 68 68 68 68 68
68 68 68 68 68 68 68 68 68 68 68 68 68 68 68 68 68
68 68 68 68 68 68 68 68 68 68 68 68 68 68 57 57 57
59 59 59 59 59 59 59 59 59 59 59 59 68 68 68 68 68
68 59 59 68 59 59 59 68 59 57 57 57 57 57 57 59 59
59 59 59 59 59 68 68 68 68 68 59 59 59 59 48 48 59
59 59 59 59 59 59 59 59 59 59 59 57 57 50 35 31 31
28 28 37 47 44 59

>Sample13_ITS1-F TRIM QUALITY: 20
29 37 48 48 48 32 36 30 32 32 32 42 47 47 50 43 43
36 42 42 42 57 57 59 48 48 48 48 48 48 46 48 48 48
48 57 59 59 54 54 54 48 48 47 47 47 57 41 43 43 57
57 57 57 57 57 57 57 57 57 57 57 57 54 48 48 59 57
57 57 57 57 57 57 54 57 57 57 54 54 57 57 57 57 57
54 50 57 50 50 54 57 57 57 57 54 54 57 59 57 57 52
52 52 57 59 59 59 59 59 59 59 54 54 54 59 54 54 57
57 57 57 57 57 57 57 57 57 57 57 57 57 52 52 57 59
54 57 52 57 57 57 57 57 57 57 57 52 57 57 57 57 57
59 57 57 57 57 57 57 57 57 57 57 57 57 57 62 62 62
62 62 62 62 62 62 62 62 62 62 62 62 62 62 62 62 62
62 62 62 62 62 62 62 62 62 62 62 62 62 62 62 62 62
62 62 62 62 62 62 62 62 62 62 62 62 52 62 62 62 62
62 52 52 52 62 62 62 62 52 52 43 62 62 52 52 62 62
62 62 62 62 62 62 62 62 62 62 62 62 62 62 62 62 62
62 62 62 52 52 52 62 62 62 62 52 52 52 62 62 62 62
62 62 62 62 62 62 62 62 62 62 62 62 62 62 62 62 62
62 62 62 62 62 62 62 62 62 62 62 62 62 62 62 62 62
62 62 62 62 62 62 62 62 62 62 62 68 68 68 62 62 62
62 62 62 62 62 62 62 62 62 62 62 62 62 62 62 62 62
62 62 62 62 62 62 62 62 62 62 62 62 62 62 62 62 62
62 62 62 62 62 52 52 52 62 62 62 62 62 62 62 62 62
62 62 62 62 52 52 52 62 62 62 62 62 62 62 62 62 62
59 59 59 57 57 57 57 59 57 57 57 59 57 57 54 57 57
59 59 59 59 59 59 59 57 57 57 59 57 57 57 57 59 57
52 52 57 59 59 59 59 57 57 57 52 52 52 57 57 59 59
59 59 59 54 54 57 59 59 59 59 59 57 57 54 57 57 52
57 59 57 57 54 54 57 59 59 59 59 59 59 59 57 54 54
59 59 59 59 57 57 57 57 57 59 59 59 59 57 57 57 57
57 57 59 59 59 59 57 57 57 57 57 57 57 59 59 59 59
57 54 54 54 57 46 57 54 57 54 57 57 59 59 59 59 68
68 59 59 59 59 57 57 57 57 57 57 59 59 59 48 57 57
59 59 59 59 57 48 48 37 28 20 20 20 20 28 46 43 23

>Sample13_ITS4 TRIM QUALITY: 20
23 33 41 42 50 33 33 33 36 36 38 57 57 57 50 53 50
50 50 50 57 53 53 50 53 53 50 68 68 68 68 68 68 68
68 68 68 68 68 68 68 68 68 68 68 68 68 68 68 68 68
68 68 68 68 68 68 68 68 68 68 68 68 68 68 68 68 68
68 68 68 68 68 68 68 68 68 68 68 68 68 68 68 68 68
68 68 68 68 68 68 68 68 68 68 68 68 68 68 68 68 68
68 68 68 68 68 68 68 68 68 68 68 68 68 68 68 68 68
68 68 68 68 68 68 68 68 68 68 68 68 68 68 68 68 68
68 68 68 68 68 68 68 68 68 68 68 68 68 68 68 68 68
68 68 68 68 68 68 68 68 68 68 68 68 68 68 68 68 68
68 68 68 68 68 68 68 68 68 68 68 68 68 68 68 68 68
68 68 68 68 68 68 68 68 68 68 68 68 68 68 68 68 68
68 68 68 68 68 68 68 68 68 68 68 68 68 68 68 68 68
68 68 68 68 68 68 68 68 68 68 68 68 68 68 68 68 68
68 68 68 68 68 68 68 68 68 68 68 68 68 68 68 68 68
68 68 68 68 68 68 68 68 68 68 68 68 68 68 68 68 68
68 68 68 68 68 68 68 68 68 68 68 68 68 68 68 68 68
68 68 68 68 68 68 68 68 68 68 68 68 68 68 68 68 68
68 68 68 68 68 68 68 68 68 68 68 68 68 68 68 68 68
68 68 68 68 68 68 68 68 68 68 68 68 68 68 68 68 68
68 68 68 68 68 68 68 68 68 68 68 68 68 68 68 68 68
68 68 68 68 68 68 68 68 68 68 68 68 68 68 68 68 68
68 68 68 68 68 68 68 68 68 68 68 68 68 68 68 68 68
68 68 68 68 68 68 68 68 68 68 68 68 68 68 68 68 68
68 68 68 68 68 68 57 57 57 68 68 68 68 68 68 68 68
68 59 59 59 68 68 68 68 68 68 68 68 68 68 68 68 68
68 68 68 68 68 68 68 68 68 68 59 59 68 68 68 68 68
68 68 68 68 68 68 68 68 68 68 68 68 68 68 68 68 68
59 68 59 59 59 59 59 68 68 68 68 68 68 68 68 68 68
68 68 68 68 68 68 68 68 68 59 59 59 59 59 59 59 59
57 57 57 57 57 57 59 57 57 57 57 57 57 59 59 59 59
59 59 59 59 59 48 48 57 59 59 57 57 50 50 50 50 59
59 59 41 41 21 21 10 10 11 22 25 37 37 39

>Sample14_ITS1-F TRIM QUALITY: 20
22 22 36 36 36 37 37 57 59 59 50 53 50 50 50 50 57
50 50 50 50 50 50 57 68 68 59 57 57 68 68 68 68 68
68 68 68 68 68 68 68 68 68 68 68 68 68 68 68 68 68
68 68 68 68 68 68 68 68 68 68 68 68 68 68 68 68 68
68 68 68 68 68 68 68 68 68 68 59 59 59 59 59 59 59
57 57 57 57 59 59 59 59 59 59 59 59 59 59 59 59 59
59 57 57 57 57 57 57 57 59 59 59 59 59 59 57 57 57
59 59 68 68 68 59 59 57 59 57 59 59 59 59 68 68 59
57 57 57 57 57 57 68 59 59 57 57 57 57 57 68 57 57
59 68 68 68 68 68 68 68 62 62 62 62 62 62 62 62 62
62 62 62 62 62 62 68 62 62 62 62 62 62 62 62 62 62
68 68 68 62 62 62 62 62 62 62 62 68 68 68 68 62 62
62 62 62 62 62 68 68 62 62 62 62 62 62 62 62 62 62
62 62 62 62 62 62 62 62 62 62 62 62 62 62 62 62 62
62 62 62 52 52 62 62 62 62 62 45 45 62 62 62 62 62
62 62 62 62 62 62 62 62 62 62 62 62 62 62 62 62 62
62 62 62 62 62 62 52 62 62 62 62 62 62 62 62 62 62
62 62 62 62 62 62 62 62 62 62 62 62 68 68 68 68 68
68 68 62 62 62 62 62 62 62 62 62 62 62 68 68 62 62
62 62 62 62 62 68 68 68 62 62 62 62 62 62 62 62 62
62 62 62 62 62 62 68 68 62 62 62 62 62 62 62 62 62
62 68 68 68 68 68 68 62 62 62 62 62 62 62 68 68 68
62 62 62 62 62 62 62 68 68 68 68 62 62 62 62 62 62
62 52 52 62 62 62 62 62 62 62 62 62 62 62 62 62 62
62 62 62 62 62 62 62 68 62 62 62 62 52 62 52 62 62
62 62 62 62 62 62 62 62 62 62 62 62 62 62 62 62 62
62 62 62 62 62 62 62 62 62 68 59 59 59 59 59 59 59
57 57 45 57 57 57 57 59 59 52 52 52 59 59 57 57 57
57 57 57 57 57 59 59 68 68 68 68 68 59 59 59 57 57
57 57 57 59 59 59 57 57 59 59 54 59 59 59 59 59 59
59 59 57 57 59 59 59 59 54 54 57 59 59 59 59 59 59
59 59 59 59 57 57 57 43 43 37 57 50 54 57 57 59 59
57 57 57 59 59 59 57 48 48 48 57 54 54 54 57 57 57
57 57 59 59 59 59 59 59 59 57 59 57 57 57 57 57 59
59 59 59 57 54 54 54 57 57 59 43 43 46 59 47 48 43
43 43 48 57 48 48 48 48 59 59 48 48 48 48 48 43 47
59 59 59 59 59 59 59 23 21

>Sample14_ITS4 TRIM QUALITY: 20
41 41 32 32 32 37 39 41 42 50 59 59 50 53 53 57 57
59 57 57 57 57 57 57 57 57 57 57 59 59 59 59 68 68
68 68 68 68 68 68 68 68 68 68 68 68 68 68 68 68 68
68 68 68 68 68 68 68 68 68 68 68 68 68 68 68 68 68
68 68 68 68 68 68 68 68 68 68 68 68 68 68 68 68 68
68 68 68 68 68 68 68 68 68 68 68 68 68 68 68 68 68
68 68 68 68 68 68 68 68 68 68 68 68 68 68 68 68 68
68 68 68 68 68 68 68 68 68 68 68 68 68 68 68 68 68
68 68 68 68 68 68 68 68 68 68 68 68 68 68 68 68 68
68 68 68 68 68 68 68 68 68 68 68 68 68 68 68 68 68
68 68 68 68 68 68 68 62 62 62 62 62 62 62 68 68 68
68 68 68 62 62 62 62 62 68 68 68 68 68 68 68 68 68
68 68 68 68 68 68 68 68 68 68 68 68 68 68 68 68 68
68 68 68 68 68 68 68 68 68 68 68 68 68 68 68 68 68
68 68 68 68 68 68 68 68 68 68 68 68 68 68 68 68 68
68 68 68 68 68 68 68 68 68 68 68 68 68 68 68 68 68
68 68 68 68 68 68 68 68 68 68 68 68 68 68 68 68 68
68 68 68 68 68 68 68 68 68 68 68 68 68 68 68 68 68
68 68 68 68 68 68 68 68 68 68 68 68 68 68 68 68 68
68 68 68 68 68 68 68 68 68 68 68 68 68 68 68 68 68
68 68 68 68 68 68 68 68 68 68 68 68 68 68 68 68 68
68 68 68 68 68 68 68 68 68 68 68 68 68 68 68 68 68
68 68 68 68 68 68 68 68 68 68 68 68 68 68 68 68 62
62 62 62 62 62 68 68 68 68 68 68 68 68 68 68 68 68
68 68 68 68 68 68 68 68 68 68 68 68 68 68 68 68 68
68 68 68 68 68 68 68 68 68 68 68 68 68 68 68 68 68
68 68 68 68 68 68 68 68 68 68 57 57 57 68 57 57 57
68 68 68 68 68 68 68 68 68 68 68 68 68 68 68 68 68
68 68 68 59 59 68 57 57 57 57 57 57 59 59 59 59 57
59 59 68 68 68 68 68 68 68 68 68 68 59 59 68 68 68
68 68 68 59 59 59 59 59 59 59 59 59 59 57 59 59 59
59 59 59 59 68 59 59 59 59 59 59 59 59 59 59 59 59
59 68 68 68 68 68 68 68 68 68 68 68 68 68 68 68 68
68 68 68 68 68 68 68 68 68 68 57 59 68 68 68 59 59
57 57 57 57 68 68 68 68 68 68 68 57 57 57 54 54 57
48 48 48 48 48 50 57 57 57 59 57 48 48 48 57 57 59
59 59 59 59 59 59 59 59 41 41

>Sample15_ITS1-F TRIM QUALITY: 20
22 22 37 50 50 50 53 50 50 50 53 53 53 53 53 53 53
53 53 59 59 53 53 50 50 68 68 68 68 68 68 68 68 68
68 68 68 68 68 68 68 68 68 68 68 68 68 68 68 68 68
68 68 68 68 68 68 68 68 68 68 68 68 68 68 68 68 68
68 68 68 68 68 68 68 68 68 68 68 68 68 68 68 68 68
68 68 68 68 68 68 68 68 68 68 68 68 68 68 68 68 68
68 68 68 68 68 68 68 68 68 68 68 68 68 68 68 68 68
68 68 68 68 68 68 68 68 68 68 68 68 68 68 68 68 68
68 68 68 68 68 68 68 68 68 68 68 68 68 68 68 68 68
68 68 68 68 68 68 68 68 68 68 68 68 68 68 68 68 68
68 68 68 68 68 68 68 68 68 68 68 68 68 68 68 68 68
68 68 68 68 68 68 68 68 68 68 68 68 68 68 68 68 68
68 68 68 68 68 68 68 68 68 68 68 68 68 68 68 68 68
68 68 68 68 68 68 68 68 68 68 68 68 68 68 68 68 68
68 68 68 68 68 68 68 68 68 68 68 68 68 68 68 68 68
68 68 68 68 68 68 68 68 68 68 68 68 68 68 68 68 68
68 68 68 68 68 68 68 68 68 68 68 68 68 68 68 62 62
62 62 62 62 62 68 68 68 68 68 68 68 68 68 68 68 68
68 68 68 68 68 68 68 68 68 68 68 68 68 68 68 68 68
68 68 68 68 68 68 68 68 68 68 68 68 68 68 68 68 68
68 68 68 68 68 68 68 68 68 68 68 68 68 68 68 68 68
68 68 68 68 68 68 68 68 68 68 68 68 68 68 68 68 68
68 68 68 68 68 68 68 68 68 68 68 68 68 68 68 68 68
68 68 68 68 68 68 68 68 68 68 68 68 68 68 68 68 68
68 68 68 68 68 68 68 68 68 68 68 68 68 68 68 68 68
68 68 68 68 68 68 68 62 62 62 62 62 62 62 68 68 68
68 68 68 68 68 68 68 68 68 68 68 68 68 68 59 59 57
57 68 68 68 68 68 68 68 68 68 68 68 59 59 59 59 68
68 68 68 68 68 68 68 68 68 68 68 68 68 59 59 59 59
68 68 68 59 59 59 68 68 68 68 68 68 68 68 68 68 68
68 68 68 68 68 68 68 68 68 68 68 68 68 68 68 68 68
68 68 68 68 68 68 68 68 68 68 68 68 68 68 68 68 68
68 68 68 68 68 68 68 68 68 68 68 68 68 68 57 57 68
68 68 68 68 68 68 68 68 68 68 68 68 68 68 68 59 57
57 57 57 57 57 68 68 68 57 57 57 57 59 59 59 59 59
57 57 57 57 57 57 59 59 59 50 59 50 50 33 33 23 21

>Sample15_ITS4 TRIM QUALITY: 20
26 37 37 28 32 32 33 30 31 33 33 33 33 48 50 57 57
57 57 57 59 59 59 57 57 57 57 57 57 50 50 50 68 68
68 68 68 59 59 59 57 57 57 57 54 54 68 68 68 68 68
68 59 57 57 68 68 57 57 57 57 54 57 57 57 57 59 68
68 68 68 68 68 68 68 68 68 68 68 68 68 68 68 68 68
68 68 68 68 68 68 68 68 68 68 57 57 59 59 57 57 57
57 57 57 57 59 59 59 59 59 59 59 57 57 57 68 68 68
68 68 68 68 57 59 59 57 57 57 57 57 57 59 59 59 59
68 68 68 68 68 68 68 68 68 68 68 68 68 68 68 68 68
68 68 68 68 68 68 68 68 68 68 68 68 68 68 68 68 68
68 68 68 68 68 68 68 68 68 68 68 68 68 68 68 68 62
62 62 62 62 62 62 62 62 68 68 62 62 62 68 68 68 68
68 68 68 62 62 62 62 68 68 68 68 68 68 68 68 68 68
68 68 68 68 68 68 68 68 68 68 68 68 68 68 68 62 62
62 62 62 62 62 68 68 68 68 68 68 68 68 68 68 68 68
68 68 68 68 68 68 68 68 68 68 68 68 68 68 68 68 68
68 68 68 68 68 68 68 68 68 68 68 68 68 68 68 68 68
68 68 68 68 68 68 68 68 68 68 68 68 68 68 68 68 68
68 62 62 62 62 62 62 62 68 68 68 68 68 68 68 68 68
68 68 68 68 68 68 68 68 62 62 62 62 62 62 62 68 68
68 68 68 62 62 62 62 62 62 62 62 62 62 68 68 68 68
68 68 68 68 68 62 62 62 62 62 62 62 62 62 62 62 68
68 62 62 62 62 62 62 62 68 68 68 68 68 68 68 68 68
68 68 68 68 68 68 68 68 68 68 68 68 68 68 68 68 68
68 68 62 62 62 62 62 62 62 68 68 68 68 68 68 68 68
68 68 62 68 68 62 62 62 62 62 62 62 68 68 68 68 59
59 59 59 59 59 59 59 59 57 59 59 57 57 57 59 59 59
59 59 59 68 68 68 68 68 57 57 57 57 57 59 59 68 68
68 59 59 59 59 59 59 57 57 68 57 57 57 59 59 59 59
59 59 59 59 59 59 59 68 59 59 68 68 68 68 68 68 68
68 68 57 57 57 57 57 57 57 68 68 68 68 68 59 59 59
59 59 59 59 68 59 59 59 54 54 54 57 57 57 57 57 68
59 59 59 59 57 57 57 57 57 57 57 68 68 68 59 59 59
57 57 57 59 59 57 57 57 57 57 57 57 54 54 54 54 48
48 43 48 48 57 57 59 57 57 57 59 59 59 57 57 48 48
57 59 59 57 57 50 50 50 50 59 59 59 47 47 37

>Sample16_ITS1-F TRIM QUALITY: 20
24 29 36 57 57 57 50 53 53 57 57 57 57 57 50 50 68
68 68 68 68 42 42 42 47 47 50 68 68 68 68 68 68 68
68 68 68 68 68 68 68 68 68 68 68 68 68 68 68 68 68
68 68 68 68 68 68 68 68 68 68 68 68 68 68 68 68 68
68 68 68 68 68 68 68 68 68 68 68 68 68 68 68 68 68
68 68 68 68 68 68 68 68 68 68 68 68 68 68 68 68 68
68 68 68 68 68 68 68 68 68 68 68 68 68 68 68 68 68
68 68 68 68 68 68 68 68 68 68 68 68 68 68 68 68 68
68 68 68 68 68 68 68 68 68 68 68 68 68 68 68 68 68
68 68 68 68 68 68 68 68 68 68 68 68 68 68 68 68 68
68 68 68 68 68 68 68 68 68 68 68 68 68 68 68 68 68
68 68 68 68 68 68 68 68 68 68 68 68 68 68 68 68 68
68 68 68 68 68 68 68 68 68 68 68 68 68 68 68 68 68
68 68 68 68 68 68 68 68 68 68 68 68 68 68 68 68 68
68 68 68 68 68 68 68 68 68 68 68 68 68 68 68 68 68
68 68 68 68 68 68 68 68 68 68 68 68 68 68 68 68 68
68 68 68 68 68 68 68 68 68 68 68 68 68 68 68 68 68
68 68 68 68 68 68 68 68 68 68 68 68 68 68 68 68 68
68 68 68 68 68 68 68 68 68 68 68 68 68 68 68 68 68
68 68 68 68 68 68 68 68 68 68 68 68 68 68 68 68 68
68 68 68 68 68 68 68 68 68 68 68 68 68 68 68 68 68
68 68 68 68 68 68 68 68 68 68 68 68 68 68 68 68 68
68 68 68 68 68 68 68 68 68 68 68 68 68 68 68 68 68
68 68 68 68 68 68 68 68 68 68 68 68 68 68 68 68 68
68 68 68 68 68 68 68 68 68 68 68 68 68 68 68 68 68
68 68 68 68 68 68 68 59 59 59 59 68 68 68 68 68 68
68 68 68 68 68 68 68 68 68 68 59 59 59 59 59 68 68
68 68 68 68 68 68 68 68 68 68 68 68 68 68 68 68 68
68 68 68 68 68 68 68 68 68 68 68 68 68 68 68 68 68
68 68 68 68 68 68 68 68 68 59 57 57 57 57 57 57 59
54 57 57 59 59 59 59 59 59 59 59 59 59 59 59 59 59
59 59 59 59 59 59 59 59 59 59 50 47 34 34

>Sample16_ITS4 TRIM QUALITY: 20
21 22 37 34 34 19 17 24 22 19 20 37 29 29 28 28 23
41 37 37 37 37 42 31 31 33 33 36 36 50 50 50 38 38
42 50 50 50 47 47 47 47 47 47 53 53 68 68 68 68 68
68 68 68 68 68 68 68 68 68 68 68 50 50 50 50 50 50
68 68 68 68 68 68 68 68 68 68 68 68 68 68 68 68 68
68 68 68 68 68 68 68 68 68 68 68 68 68 68 68 68 68
68 68 68 68 68 68 68 68 68 68 68 68 68 68 68 68 68
68 68 68 68 68 68 68 68 68 68 68 68 68 68 68 68 68
68 68 68 68 68 68 68 68 68 68 68 68 68 68 68 68 68
68 68 68 68 68 68 68 68 68 68 68 68 68 68 68 68 68
68 68 68 68 68 68 68 68 68 68 68 68 68 68 68 68 68
68 68 68 62 62 62 68 68 68 68 68 68 68 68 68 68 68
68 68 68 68 68 68 68 68 68 68 68 68 68 68 68 68 68
68 68 68 68 68 68 68 68 68 62 62 68 68 68 68 68 68
68 68 68 68 68 68 68 68 68 68 68 68 68 68 68 68 68
68 68 68 68 68 68 68 68 68 68 68 68 68 68 68 68 68
68 68 68 68 68 68 68 68 68 68 68 68 68 68 68 68 68
68 68 68 68 68 68 68 68 68 68 68 68 68 68 68 68 68
68 68 68 68 68 68 68 68 68 68 68 68 68 68 68 68 68
68 68 68 68 68 68 68 68 68 68 68 68 68 68 68 68 68
68 68 68 68 68 68 68 68 68 68 68 68 68 68 68 68 68
68 68 68 68 68 68 68 68 68 68 68 68 68 68 68 68 68
68 68 68 68 68 68 68 68 68 68 68 68 68 68 68 68 68
68 68 68 68 68 68 68 68 68 68 68 68 68 68 68 68 68
68 68 68 68 68 68 68 68 68 68 68 68 68 68 68 68 68
68 68 68 68 68 68 68 68 68 68 68 68 68 68 68 68 68
68 68 68 68 68 68 68 68 68 68 68 68 68 68 68 68 68
68 68 68 68 68 68 68 68 68 68 68 68 68 68 68 68 68
68 68 68 68 68 68 68 68 68 68 68 68 68 68 68 68 68
68 68 68 68 68 68 68 68 68 68 68 68 68 68 68 68 68
68 68 68 68 68 68 68 68 68 68 68 68 68 68 68 68 68
68 68 57 57 57 57 57 59 59 59 59 59 59 59 59 57 57
59 59 59 57 57 57 57 57 50 53 50 41 39 41 34 26

>Sample17_ITS1-F TRIM QUALITY: 20
22 21 33 41 41 47 53 57 57 57 57 57 57 50 50 50 53
50 53 59 57 57 57 57 68 68 68 68 68 68 68 68 68 68
68 68 68 68 68 68 68 68 68 68 68 68 68 68 68 68 68
68 68 68 68 68 68 68 68 68 68 68 68 68 68 68 57 57
57 59 59 59 59 59 57 57 57 57 57 57 57 57 57 57 68
68 68 68 68 68 57 57 57 59 59 59 59 68 68 68 68 68
68 68 68 68 68 68 68 68 68 68 68 68 68 68 68 68 68
68 68 68 68 68 68 68 68 68 68 68 68 68 44 44 27 27
27 27 44 44 27 27 19 23 16 13 13 13 13 13 38 38 44
38 23 20 20 20 23 23 44 44 68 44 44 28 18 14 14 20
20 23 23 31 43 43 62 43 43 43 43 43 43 59 35 28 26
14 14 14 30 41 62 68 68 62 44 43 20 16 14 14 26 16
16 16 13 13 20 29 26 16 14 14 14 14 14 14 16 20 23
27 26 26 13 13 12 26 26 39 39 14 14 14 14 28 28 31
27 27 23 17 17 17 39 39 14 14 14 13 13 13 12 12 12
13 12 13 12 23 12 13 14 23 23 13 13 13 23 14 14 14
23 39 43 39 28 14 14 14 23 23 29 43 29 29 29 29 39
29 23 23 23 39 23 23 14 14 13 13 14 39 39 23 14 14
14 14 14 23 23 23 23 23 23 14 14 17 41 41 68 62 62
52 45 43 43 23 23 23 23 23 39 23 23 29 43 39 35 35
23 23 23 43 43 45 39 39 13 12 12 23 39 43 43 31 31
31 43 41 35 35 23 23 23 41 41 41 41 35 23 23 23 43
43 43 39 31 31 31 43 41 39 23 23 23 23 12 12 13 12
12 12 39 27 31 31 41 28 28 14 14 12 23 13 14 29 39
39 23 23 23 23 23 43 43 39 35 31 29 29 29 29 31 44
43 35 35 35 39 39 28 23 14 14 28 26 29 14 14 12 13
12 13 13 16 16 16 28 14 14 12 13 12 16 16 15 15 11
12 11 16 16 39 43 43 43 39 27 23 23 14 14 14 14 17
34 23 20 20 13 13 11 12 12 12 11 11 13 13 14 14 16
16 20 38 35 35 31 35 41 43 43 39 35 28 26 20 13 13
14 26 20 20 20 14 14 14 20 20 14 14 17 28 34 23 26
26 35 20 20 17 17 17 18 28 32 23 20 20 23 35 35 35
35 35 35 33 22 22 14 13 13 18 27 41 43 43 43 33 33
23 23 23 28 18 18 18 24 26 12 12 11 12 12 13 15 15
28 18 27 27 23 23 18 18 18 28 28 16 16 14 14 14 18
38 44 41 38 17 17 17 24 36 44 59 59 44 43 33 33 28
28 20 20 20 20 32 32 14 14 14 18 18 20 20 16 18 15
15 12 12 12 18 13 14 15 34 34 14 14 13 15 15 20 24
41 44 59 68 59 47 37 35 35 35 47 41 41 35 35 25 30
17 17 13 18 14 17 21 28 18 18 18 30 24 28 22 24 18
18 18 18 26 20 20 20 28 30 28 25 25 21 27

>Sample17_ITS4 TRIM QUALITY: 20
30 28 27 27 30 31 31 31 33 33 36 50 57 59 57 50 50
47 47 43 47 57 57 53 53 50 28 24 11 11 9 23 23 68
68 68 68 68 68 68 68 68 59 59 46 46 37 39 42 48 48
57 57 57 47 47 47 57 47 47 48 48 48 48 44 44 28 28
28 28 28 42 42 48 59 48 54 54 57 59 59 44 44 43 44
44 57 57 57 57 59 54 54 50 57 48 52 52 52 52 52 57
57 52 52 52 57 59 59 59 59 52 52 52 52 52 52 52 57
52 52 52 52 50 57 35 35 42 43 43 52 59 57 57 57 52
52 52 52 52 52 52 52 52 57 57 57 43 43 31 31 31 44
44 68 68 59 59 57 45 45 45 52 59 59 59 52 43 43 43
43 43 43 20 20 20 43 43 62 52 52 52 52 52 52 52 52
52 45 45 52 52 52 52 52 52 62 52 52 52 52 62 43 43
39 39 39 62 43 43 43 35 39 39 43 62 52 52 62 52 52
52 52 52 52 52 52 43 43 41 39 39 43 62 43 45 45 62
62 68 68 68 62 62 43 41 41 39 39 39 39 62 41 41 31
39 35 43 43 39 39 29 29 29 29 29 29 29 29 31 43 44
44 43 31 31 31 41 41 41 41 62 62 62 62 41 39 23 17
17 29 29 44 44 43 29 29 29 23 23 23 35 39 39 17 13
13 23 23 23 13 13 12 13 13 14 14 14 14 23 23 14 13
13 23 23 13 12 23 12 23 13 29 29 28 28 14 23 23 27
39 29 29 29 29 29 29 35 28 27 14 14 14 23 23 17 17
29 23 23 23 29 29 29 29 29 27 27 13 13 12 23 23 13
13 13 14 23 13 23 23 23 29 29 29 23 23 13 12 12 13
23 23 29 28 23 14 14 14 14 23 23 12 12 12 12 13 23
23 14 14 14 23 23 29 23 23 23 23 23 12 12 13 13 13
13 15 13 13 13 16 16 14 14 14 14 14 14 20 14 17 17
19 19 21 35 35 43 21 16 16 20 20 20 16 16 14 14 14
18 30 17 17 17 32 38 35 35 35 31 27 27 26 27 23 38
18 16 16 14 14 14 16 20 32 43 26 27 20 18 18 18 18
18 28 18 16 16 14 13 13 13 13 14 15 15 18 20 38 38
13 13 13 22 22 27 27 20 20 20 18 27 18 27 23 23 20
18 20 17 17 17 32 32 31 31 27 43 23 23 16 18 16 18
18 18 38 28 28 20 20 20 27 28 28 28 16 16 13 13 13
14 14 30 32 43 52 59 59 68 59 44 43 29 29 29 33 32
43 31 21 21 13 13 13 24 24 44 41 32 17 14 14 14 14
17 32 26 13 13 13 32 24 14 14 14 32 30 12 12 11 12
12 24 34 44 41 41 20 18 15 18 12 14 14 21 18 20 20
15 15 14 15 15 18 15 12 12 13 18 18 13 13 13 28 34
24 15 12 12 12 18 18 32 32 32 23 23 23 34 30 32 20
15 15 13 13 13 19 19 17 16 11 12 12 18 18 18 23 23
18 18 13 13 13 26 26 25 22 18 18 18 30 41 59 59 59
36 32 18 15 11 11 11 12 12 28 20 20 18 17 17 17 28
19 17 17 17 22 24 15 14 14 14 14 28 34 59 59 34 31
24 24 24 24 28 34 36 37 30 19 13 13 13 13 13 24 21
30 32 37 43 37 37 37 43 47 59 59 59 32 32 18 18 17
17 17 22 22 23 20 20 18 17 28 17 17 17 22 29 23 11
11 11 11 11 21 19 17 15 14 15 15 23 20 16 19 20 22
22 16 16 12 11 11 13 11 15 19 21 27 33 30 37 32 29
28 26 24 19 18 18 20 22 19 22 22 24 24 22 24 20 22
20

>Sample18_ITS1-F TRIM QUALITY: 20
24 28 33 39 44 50 53 53 53 50 50 50 53 59 59 59 57
57 57 53 53 50 50 50 50 68 68 68 68 68 68 68 68 68
68 68 68 68 68 68 68 68 68 68 68 68 68 68 68 68 68
68 68 68 68 68 68 68 68 68 68 68 68 68 68 68 68 68
68 68 68 68 68 68 68 68 68 68 68 68 68 68 68 68 68
68 68 68 68 68 68 68 68 68 68 68 68 68 68 68 68 68
68 68 68 68 68 68 68 68 68 68 68 68 68 68 68 68 68
68 68 68 68 68 68 68 68 68 68 68 68 68 68 68 68 68
68 68 68 68 68 68 68 68 68 68 68 68 68 68 68 68 68
68 68 68 68 68 68 68 68 68 68 68 68 68 68 68 68 68
68 68 68 68 68 68 68 68 68 68 68 68 68 68 68 68 68
68 68 68 68 68 68 68 68 68 68 68 68 68 68 68 68 68
68 68 68 68 68 68 68 68 68 68 68 68 68 68 68 68 68
68 68 68 68 68 68 68 68 68 68 68 68 68 68 68 68 68
68 68 68 68 68 68 68 68 68 68 68 68 68 68 68 68 68
68 68 68 68 68 68 68 68 68 68 68 68 68 68 68 68 68
68 68 68 68 68 62 62 62 62 62 68 68 68 68 68 68 68
68 68 68 68 68 68 68 68 68 68 68 68 68 68 68 68 68
68 68 68 68 68 68 68 68 68 68 68 68 68 68 68 68 68
68 68 68 68 68 68 68 68 68 68 68 68 68 68 68 68 68
68 68 68 68 68 68 68 68 68 68 68 68 68 68 68 68 68
68 68 68 68 68 68 68 68 68 68 68 68 68 68 68 68 68
68 68 68 68 68 68 68 68 68 68 68 68 68 68 68 68 68
68 68 68 68 68 68 68 68 68 62 62 62 62 68 68 68 62
62 62 62 62 62 62 62 62 62 68 68 62 62 62 62 62 62
62 68 68 68 68 68 68 68 68 68 68 68 68 68 62 62 62
62 62 68 62 62 62 62 62 62 62 62 68 68 68 62 62 62
62 62 62 62 68 68 68 68 68 68 68 68 68 68 68 68 68
68 68 68 68 68 68 68 68 68 68 68 68 68 68 68 68 68
68 68 68 68 68 68 68 68 68 68 68 68 68 68 68 68 68
68 68 68 68 68 68 68 68 68 68 68 68 68 68 68 68 68
68 68 68 68 68 68 68 68 68 68 68 68 68 68 68 68 68
68 68 68 68 68 68 68 68 68 68 68 68 68 68 68 68 68
68 68 68 68 68 68 68 68 68 68 68 68 68 68 68 68 68
68 68 68 68 68 68 68 68 68 68 68 68 68 68 68 57 57
68 68 68 68 68 68 68 68 68 68 68 68 57 57 57 57 57
57 59 68 68 68 68 68 57 57 68 68 68 68 59 59 57 57
59 59 59 68 59 59 59 59 59 59 59 68 68 68 68 68 68
68 68 59 59 57 57 57 57 57 68 68 68 68 68 68 68 68
68 59 57 68 57 57 57 57 59 59 59 59 59 59 59 59 59
59 59 59 48 48 57 59 59 59 57 57 57 57 57 57 57 57
59 48 59 59 59 59 59 59 59 43 41 37 37 41 44 44 59
59 59 47 47 43 41 37 37 41 43 37 39 41 41 41 59 59
59 48 47 47 59 59 59 41 35 31 36 40 41 41 44 59 59
47 42 42 42 41 41 44 44 44 37 37 44 59 59 47 30 16
12 12 19 23 30 32 29 29 34 39 43 43 36 36 36 37 37
37 37 47 47 43 41 37 37 41 31 29 29 29 30 34 34 34
41 25

>Sample18_ITS4 TRIM QUALITY: 20
26 32 30 27 25 30 32 33 37 37 33 37 37 32 39 44 32
32 30 29 29 30 42 59 39 50 50 50 50 53 50 50 50 50
50 57 59 59 59 59 59 59 57 57 57 53 68 68 68 68 68
68 68 68 68 68 50 50 50 50 50 51 68 68 68 68 68 68
68 68 68 68 68 68 68 68 68 68 68 68 68 68 68 68 68
68 68 68 68 68 68 68 68 68 68 68 68 68 68 68 68 68
68 68 68 68 68 68 68 68 68 68 68 68 68 68 68 68 68
68 68 68 68 68 68 68 68 68 68 68 68 68 68 68 68 68
68 68 68 68 68 68 68 68 68 68 68 68 68 68 68 68 68
68 68 68 68 68 68 68 68 68 68 57 57 57 57 57 68 68
68 68 68 68 68 68 68 68 68 68 68 68 68 68 68 68 68
68 68 68 68 68 68 68 68 68 68 68 68 68 68 68 68 68
68 68 68 68 68 68 68 68 68 68 68 68 68 68 68 68 68
68 68 68 68 68 68 68 68 68 68 68 68 68 68 68 68 68
68 68 68 68 68 68 68 68 68 68 68 68 68 68 68 68 68
68 68 68 68 68 68 68 68 68 68 68 68 68 68 68 68 68
68 68 68 68 68 68 68 68 68 68 68 68 68 68 68 68 68
68 68 68 68 68 68 68 68 68 68 68 68 68 68 62 62 62
62 62 62 62 68 68 68 68 68 68 68 68 68 68 68 68 68
68 68 68 68 68 68 68 68 68 68 68 68 68 68 68 68 62
62 62 68 68 68 68 68 68 68 68 68 68 68 68 68 68 68
68 68 68 68 68 68 68 68 68 68 68 68 68 68 68 68 68
68 68 68 68 68 68 68 68 68 68 68 68 68 68 68 68 68
68 68 68 68 68 68 68 68 68 68 68 68 68 68 68 68 68
68 68 68 68 68 68 68 68 68 68 68 68 68 68 62 62 62
62 62 62 62 68 68 68 68 68 68 68 68 68 68 68 68 68
68 68 68 68 68 68 68 68 68 68 68 68 68 68 68 68 68
68 68 68 68 68 68 68 68 68 68 68 68 68 68 68 68 68
68 68 68 68 68 68 68 68 68 68 68 68 68 68 68 68 68
68 68 68 68 68 68 68 68 68 68 68 68 68 68 68 68 68
68 68 68 68 68 68 68 68 68 68 68 68 68 68 68 68 68
68 68 68 68 68 68 68 68 68 68 68 68 62 62 62 62 62
62 62 62 68 68 68 68 68 68 68 68 68 68 68 68 68 68
68 68 68 68 68 68 68 68 68 68 68 68 68 68 68 68 68
68 68 68 68 68 68 59 59 59 59 59 57 57 57 57 57 57
68 68 68 68 68 68 68 68 68 68 68 68 68 68 68 68 68
57 57 57 59 59 59 68 68 68 68 68 59 59 59 68 68 68
68 68 59 59 59 59 59 59 59 59 59 59 57 57 57 57 68
68 68 59 59 59 59 68 59 59 59 57 57 57 57 57 57 57
57 59 59 59 59 59 68 68 68 68 68 68 68 59 59 59 68
59 59 59 59 59 59 59 59 59 59 57 54 54 59 59 57 57
57 57 57 57 59 59 59 59 59 59 59 59 59 59 59 59 59
59 59 59 59 47 39 39 39 39 39 44 44 44 47 47 50 59
50 50 50 50 50 50 59 47 47 39 39 39 37 37 44 44 44
41 42 42 42 48 50 50 48 57 57 48 48 57 48 48 48 48
47 37 37 37 37 37 37 34 36 39 39 39 34 34 39 39 41
41 41 41 59 43 41 37 37 39 39 44 47 47 50 59 59 50
41 41 41 41 41 41 37 37 37 37 41 41 27

>Sample19_ITS1-F TRIM QUALITY: 20
24 34 36 36 37 37 37 47 53 57 57 50 50 50 50 50 68
68 68 68 50 50 50 68 68 68 68 68 68 68 68 68 68 68
68 68 68 68 68 68 68 68 68 68 68 68 68 68 68 68 68
68 68 68 68 68 68 68 68 68 68 68 68 68 68 68 68 68
68 68 68 68 68 68 68 68 68 68 68 68 68 68 68 68 68
68 68 68 68 68 68 68 68 68 68 68 68 68 68 68 68 68
68 68 68 68 68 68 68 68 68 68 68 68 68 68 68 68 68
68 68 68 68 68 68 68 68 68 68 68 68 68 68 68 68 68
68 68 68 68 68 68 68 68 68 68 68 68 68 68 68 68 68
68 68 68 68 68 68 68 68 68 68 68 68 68 68 68 68 68
68 68 68 68 68 68 68 68 68 68 68 68 68 68 68 68 68
68 68 68 68 68 68 68 68 68 68 68 68 68 68 68 68 68
68 68 68 68 68 68 68 68 68 68 68 68 68 68 68 68 68
68 68 68 68 68 68 68 68 68 68 68 68 68 68 68 68 68
68 68 68 68 68 68 68 68 68 68 68 68 68 68 68 68 68
68 68 68 68 68 68 68 68 68 68 68 68 68 68 68 68 68
68 68 68 68 68 68 68 68 68 68 68 68 68 68 68 68 68
68 68 68 68 68 68 68 68 68 68 68 68 68 68 68 68 68
68 68 68 68 68 68 68 68 68 68 68 68 68 68 68 68 68
68 68 68 68 68 68 68 68 68 68 68 68 68 68 68 68 68
68 68 68 68 68 68 68 68 68 68 68 68 68 68 68 68 68
68 68 68 68 68 68 68 68 68 68 68 68 68 68 68 68 68
68 68 68 68 68 68 68 68 68 68 68 68 68 68 68 68 68
68 68 68 68 68 68 68 68 68 68 68 68 68 68 68 68 68
68 68 68 68 68 68 68 68 68 68 68 68 68 68 68 68 68
68 68 68 68 59 59 59 59 59 59 59 68 68 68 68 68 68
68 68 68 68 68 68 59 59 59 68 68 68 68 59 59 68 68
68 68 68 59 59 59 59 59 68 68 68 68 68 68 68 68 68
59 59 59 59 59 59 68 68 68 68 68 68 68 59 59 59 59
59 68 68 68 68 68 68 68 68 68 68 68 57 68 68 68 59
57 59 68 68 68 57 59 59 54 54 59 59 59 59 59 59 59
59 59 59 59 59 57 57 53 53 50 50 57 57 59 59 59 59
50 27 22

>Sample19_ITS4 TRIM QUALITY: 20
23 28 23 23 37 37 27 22 18 22 22 22 34 41 47 47 44
44 19 12 11 11 11 18 23 37 37 37 37 50 50 59 59 47
47 47 47 47 47 57 57 57 59 59 53 53 53 47 47 47 57
68 51 68 68 68 68 68 68 68 68 68 68 68 68 68 68 59
59 54 54 54 57 57 68 68 68 68 68 68 68 68 68 68 68
68 68 68 68 68 68 68 68 68 68 68 68 68 68 68 68 68
68 68 68 68 68 68 68 68 68 68 68 68 68 68 68 68 68
68 68 68 68 68 68 68 68 68 68 68 68 68 68 68 68 68
68 68 68 68 68 68 68 68 68 68 68 68 68 68 68 68 68
68 68 68 68 68 68 68 68 68 68 68 68 68 68 68 68 68
68 68 68 68 68 68 68 68 68 68 68 68 68 68 68 68 68
68 68 68 68 68 68 68 68 68 68 68 68 68 68 68 68 68
68 68 68 68 68 68 68 68 68 68 68 68 68 68 68 68 68
68 68 68 68 68 68 68 68 68 68 68 68 68 68 68 68 68
68 68 68 68 68 68 68 68 62 62 68 68 68 68 68 68 68
68 68 68 68 68 68 68 68 68 68 68 68 68 68 68 68 68
68 68 68 68 68 68 68 68 68 68 68 68 68 68 68 68 68
68 68 68 68 68 68 68 68 68 68 68 68 68 68 68 68 68
68 68 68 68 68 68 68 68 68 68 68 68 68 68 68 68 68
68 68 68 68 68 68 68 68 68 68 68 68 68 68 68 68 68
68 68 68 68 68 68 68 68 68 68 68 68 68 68 68 68 68
68 68 68 68 68 68 68 68 68 68 68 68 68 68 68 68 68
68 68 68 68 68 68 68 68 68 68 68 68 68 68 68 68 68
68 68 68 68 68 68 68 68 68 68 68 68 68 68 68 68 68
68 68 68 68 68 68 68 68 68 68 68 68 68 68 68 68 68
68 68 68 68 68 68 68 68 68 68 68 68 68 68 68 68 68
68 68 68 68 68 68 68 68 68 68 68 68 68 68 68 68 68
68 68 68 68 68 68 68 68 68 68 68 68 68 68 68 68 68
68 68 68 68 68 68 68 68 68 68 68 68 68 68 68 68 68
68 68 68 68 68 68 68 68 68 68 68 68 68 68 68 68 68
68 68 68 68 68 68 68 68 68 68 68 68 68 68 68 68 68
68 68 68 68 68 68 68 68 68 68 68 68 68 59 57 57 57
57 57 57 59 59 59 59 59 59 59 59 59 59 59 59 59 59
59 59 59 50 50 33 33 22

>Sample1_ITS4 TRIM QUALITY: 20
21 18 18 28 29 37 37 41 50 53 59 59 57 57 57 42 43
43 57 50 50 50 57 57 57 57 59 57 68 68 68 68 68 68
57 57 57 57 54 54 59 59 68 68 68 68 68 68 68 59 59
59 59 59 57 57 57 57 57 68 68 68 68 68 57 57 57 57
57 54 54 57 59 57 68 68 68 68 68 68 68 68 57 57 57
57 57 57 57 68 68 68 68 68 68 57 68 68 68 68 68 68
68 68 68 68 68 68 68 68 68 68 68 68 68 68 68 68 68
68 68 68 68 68 68 68 68 68 68 68 68 68 68 68 68 68
68 68 68 68 59 59 59 59 59 59 59 68 68 68 68 68 68
68 68 68 68 68 68 68 68 68 68 68 68 68 59 57 57 57
57 68 68 68 68 68 68 68 68 68 62 62 68 68 68 68 68
68 68 68 68 68 68 68 68 62 62 62 62 62 68 62 62 62
62 62 62 62 62 62 68 68 68 68 68 68 68 68 68 68 68
68 68 68 68 68 68 68 68 68 68 68 68 68 68 68 68 62
62 62 68 68 68 68 68 68 68 68 68 68 68 68 68 68 68
68 68 68 68 68 68 68 68 68 68 68 68 68 68 68 68 68
68 62 62 62 62 62 62 62 68 68 68 68 68 68 68 68 68
68 68 68 68 68 68 68 68 68 68 68 68 68 68 68 68 68
68 68 62 62 62 62 62 62 62 62 62 62 62 62 68 68 62
68 68 68 68 68 62 68 62 62 57 57 57 57 59 59 59 59
68 68 68 57 57 57 57 57 57 43 57 35 42 42 43 43 52
52 52 52 57 57 57 52 43 43 39 39 43 44 43 24 24 11
13 13 12 12 12 32 32 23 27 29 43 43 52 43 43 43 43
43 42 42 38 43 38 38 29 29 29 32 33 35 47 43 43 43
33 29 29 36 43 42 35 35 32 43 32 19 19 15 24 21 21
24 33 33 33 35 32 31 31 31 31 42 44 47 47 43 43 43
43 42 44 44 30 30 25 32 22 25 32 32 32 37 37 43 32
30 22 17 17 19 25 25 33 33 43 37 37 32 24 24 20 20
28 32 37 43 43 43 43 43 46 43 47 43 37 37 28 25 24
25 28 37 39 46 46 40 25 23

>Sample20_ITS1-F TRIM QUALITY: 20
22 22 31 42 50 50 53 47 50 57 57 57 53 57 53 53 53
53 53 53 57 57 59 59 59 68 68 68 68 68 68 68 68 68
68 68 68 68 68 68 68 68 68 68 68 68 68 68 68 68 68
68 68 68 68 68 68 68 68 68 68 68 68 68 68 68 68 68
68 68 68 68 68 68 68 68 68 68 68 68 68 68 68 68 68
68 68 68 68 68 68 68 68 68 68 68 68 68 68 68 68 68
68 68 68 68 68 68 68 68 68 68 68 68 68 68 68 68 68
68 68 68 68 68 68 68 68 68 68 68 68 68 68 68 68 68
68 68 68 68 68 68 68 68 68 68 68 68 68 68 68 68 68
68 68 68 68 68 68 68 68 68 68 68 68 68 68 68 68 68
68 68 68 68 68 68 68 68 68 68 68 68 68 68 68 68 68
68 68 68 68 68 68 68 68 68 68 68 68 68 68 68 68 68
68 68 68 68 68 68 68 68 68 68 68 68 68 68 68 68 68
68 68 68 68 68 68 68 68 68 68 68 68 68 68 68 68 68
68 68 68 68 68 68 68 68 68 68 68 68 68 68 68 68 68
68 68 68 68 68 68 68 68 68 68 68 68 68 68 68 68 68
68 68 68 68 68 68 68 68 68 68 68 68 68 68 68 68 68
68 68 68 68 68 68 68 68 68 68 68 68 68 68 68 68 68
68 68 68 68 68 68 68 68 68 68 68 68 68 68 68 68 68
68 68 68 68 68 68 68 68 68 68 68 68 68 68 68 68 68
68 68 68 68 68 68 68 68 68 68 68 68 68 68 68 68 68
68 68 68 68 68 68 68 68 68 68 68 68 68 68 68 68 68
68 68 68 68 68 68 68 68 68 68 68 68 68 68 68 68 68
68 68 68 68 68 68 68 68 68 68 68 68 68 68 68 68 68
68 68 68 68 68 68 68 68 68 68 68 68 68 68 68 68 68
68 68 68 68 68 68 68 68 68 68 68 68 68 68 68 68 68
68 68 68 68 68 68 68 68 68 68 68 68 68 68 68 68 68
68 68 68 68 68 68 68 68 68 68 68 68 68 68 68 68 68
68 68 68 68 68 68 68 68 68 68 68 68 68 68 68 68 68
68 68 68 68 68 68 68 68 68 68 68 68 68 68 68 68 68
68 68 68 68 68 68 68 68 68 68 68 68 68 68 59 59 59
59 59 57 57 57 57 68 68 68 68 68 68 68 68 68 68 68
68 68 68 68 68 68 68 68 68 68 68 68 68 59 59 59 68
68 68 68 68 68 68 68 68 68 68 68 68 68 68 68 68 68
68 68 68 68 68 68 68 68 68 68 68 68 68 68 68 68 59
59 59 59 59 59 59 68 68 68 68 68 59 59 59 68 68 68
59 68 68 68 68 68 68 68 57 57 57 59 59 59 59 59 59
59 59 59 59 59 57 57 57 57 57 50 59 50 50 47 30 21

>Sample20_ITS4 TRIM QUALITY: 20
30 32 32 33 33 33 33 33 41 39 47 36 36 36 36 36 36
57 57 57 57 57 59 59 59 59 59 59 57 68 68 68 68 68
68 68 68 68 68 68 68 68 68 68 68 68 68 68 68 68 68
68 68 68 68 68 68 68 68 68 68 68 68 68 68 68 68 68
68 68 68 68 68 68 68 68 68 68 68 68 68 68 68 68 68
68 68 68 57 57 68 68 68 68 68 68 68 68 68 68 68 68
68 68 68 68 68 68 68 68 68 68 68 68 68 68 68 68 68
68 68 68 68 68 68 68 68 68 68 68 68 68 68 68 68 68
68 68 68 68 68 68 68 68 68 68 68 68 68 68 68 68 68
68 68 68 68 68 68 68 68 68 68 68 68 68 68 68 68 68
68 68 68 68 68 68 68 68 68 68 68 68 68 68 68 68 68
68 68 68 68 68 68 68 68 68 68 68 68 68 68 68 68 68
68 68 68 68 68 68 68 68 68 68 68 68 68 68 68 68 68
68 68 68 68 68 68 68 68 68 68 68 68 68 68 68 68 68
68 68 68 68 68 68 68 68 68 68 68 68 68 68 68 68 68
68 68 68 68 68 68 68 68 68 68 68 68 68 68 68 68 68
68 68 68 68 68 68 68 68 68 68 68 68 68 68 68 68 68
68 68 68 68 68 68 68 68 68 68 68 68 68 68 68 68 68
68 68 68 68 68 68 68 68 68 68 68 68 68 68 68 68 68
68 68 68 68 68 68 68 68 68 68 68 68 68 68 68 68 68
68 68 68 68 68 68 68 68 68 68 68 68 68 68 68 68 68
68 68 68 68 68 68 68 68 68 68 68 68 68 68 68 68 68
68 68 68 68 68 68 68 68 68 68 68 68 68 68 68 68 68
68 68 68 68 68 68 68 68 68 68 68 68 68 68 68 68 68
68 68 68 68 68 68 68 68 68 68 68 68 68 68 68 68 68
68 68 68 68 68 68 68 68 68 68 68 68 68 68 68 68 68
68 68 68 68 68 68 68 68 68 68 68 62 62 62 62 62 62
62 62 62 62 62 68 68 68 68 68 68 68 68 68 68 68 68
68 68 68 68 68 68 68 68 68 68 68 68 68 68 68 68 68
68 68 68 68 68 68 68 68 59 59 59 59 59 59 68 68 68
68 68 68 68 68 68 68 68 68 68 68 68 68 68 68 68 68
68 68 68 68 68 68 68 68 68 68 68 68 68 68 68 68 68
68 68 68 68 68 68 68 68 68 68 68 68 68 68 68 68 68
68 68 68 68 68 59 59 57 57 57 57 68 57 57 68 57 57
57 59 59 59 59 59 59 59 59 59 59 59 57 57 57 57 57
57 68 68 68 68 68 68 68 68 68 68 68 68 68 68 68 68
68 68 68 68 68 68 57 54 54 54 54 54 54 68 68 68 68
57 59 57 57 59 59 59 59 59 59 59 59 59 59 59 59 48
48 59 59 59 57 57 50 50 50 50 50 27 21

>Sample22_ITS1-F TRIM QUALITY: 20
23 25 24 21 21 18 20 23 20 20 28 36 42 53 57 57 57
59 59 53 53 53 57 50 50 53 68 47 47 42 50 50 50 59
68 68 68 68 68 68 68 68 68 68 68 68 68 68 68 68 68
68 68 68 68 68 68 68 68 68 68 68 68 68 68 68 68 68
68 68 68 68 68 68 68 68 68 68 68 68 68 68 68 68 68
68 68 68 68 68 68 68 68 68 68 68 68 68 68 68 68 68
68 68 68 68 68 68 68 68 57 57 57 59 59 59 59 59 68
68 59 57 57 57 57 57 57 68 68 68 68 68 68 68 68 68
68 68 68 68 68 68 68 68 68 68 68 68 68 68 68 68 68
68 68 68 68 68 59 59 59 59 59 59 57 68 68 68 68 68
68 68 68 68 62 62 68 68 68 68 68 68 68 68 68 68 68
68 68 68 68 68 68 68 68 68 68 68 68 68 68 62 62 62
62 62 62 62 68 68 68 68 68 68 68 68 68 62 62 62 62
62 62 68 62 62 62 62 62 62 62 62 62 62 62 62 62 62
62 62 62 62 62 62 62 62 62 62 68 68 68 68 68 68 68
68 62 62 62 62 62 62 62 62 62 62 62 62 62 62 68 62
62 68 62 62 62 62 62 62 62 62 68 68 68 68 68 68 68
68 68 68 68 62 68 68 68 68 62 62 68 62 62 62 62 62
68 68 68 68 68 68 68 68 68 68 68 68 68 68 68 68 68
68 68 68 68 68 68 68 68 68 68 68 68 68 68 68 68 68
68 68 68 68 68 68 62 62 62 62 62 62 62 62 62 62 62
62 68 68 68 68 68 68 68 68 68 68 68 68 68 68 68 68
68 68 68 68 68 68 68 68 68 68 68 68 68 68 68 68 68
68 68 68 68 68 68 68 68 68 59 59 59 59 68 68 68 68
68 68 68 68 68 68 68 68 68 68 68 68 68 68 68 68 68
68 68 68 68 68 68 68 59 59 59 59 59 59 59 68 68 68
68 68 68 68 68 68 68 59 68 68 68 68 59 59 59 59 59
59 59 59 59 59 59 59 59 59 59 59 68 68 68 68 68 68
68 68 68 68 59 59 59 59 59 59 59 68 68 59 59 59 59
59 59 59 59 59 59 59 57 59 59 59 59 59 59 59 59 57
57 48 48 54 57 59 68 68 68 68 68 68 57 57 59 59 59
59 59 59 54 59 59 68 59 68 57 57 68 57 57 57 59 59
59 59 59 57 57 57 57 57 57 59 59 48 48 48 59 48 47
25

>Sample22_ITS4 TRIM QUALITY: 20
24 22 30 25 18 24 22 25 22 26 28 39 47 41 33 33 32
32 32 32 37 37 37 37 47 50 50 50 59 53 53 53 38 42
42 50 53 53 53 53 57 57 57 57 59 59 59 59 68 68 68
68 68 68 68 68 68 68 68 68 68 68 68 68 68 68 68 68
68 68 68 68 68 68 68 68 68 68 68 68 68 68 68 68 68
68 68 68 68 68 68 68 68 68 68 68 68 68 68 68 68 68
68 68 68 68 68 68 68 68 68 68 68 68 68 68 68 68 68
68 68 68 68 68 68 68 68 68 68 68 68 68 68 68 68 68
68 68 68 68 68 68 68 68 68 68 68 68 68 68 68 68 68
68 68 68 68 68 68 68 68 68 68 68 68 68 68 68 68 68
68 68 68 68 68 68 68 68 68 68 68 68 68 68 68 68 68
68 68 68 68 68 68 68 68 68 68 68 68 68 68 68 68 68
68 68 68 68 68 68 68 68 68 68 68 68 68 68 68 68 68
68 68 68 68 68 68 68 68 68 68 68 68 68 68 68 68 68
68 68 68 68 68 68 68 68 68 68 68 68 68 68 68 68 68
68 68 68 68 68 68 68 68 68 68 68 68 68 68 68 68 68
68 68 68 68 68 68 68 68 68 68 68 68 68 68 68 68 68
68 68 68 68 68 68 68 68 68 68 68 68 68 68 68 68 68
68 68 68 68 68 68 68 68 68 68 68 68 68 68 68 68 68
68 68 68 68 68 68 68 68 68 68 68 68 68 68 68 68 68
68 68 68 68 68 68 68 68 68 68 68 68 68 68 68 68 68
68 68 68 68 68 68 68 68 68 62 62 62 62 62 68 68 68
68 68 68 68 68 68 68 68 68 68 68 68 68 68 68 68 68
68 68 68 68 68 68 68 68 68 68 68 68 68 68 68 68 68
68 68 68 68 68 68 68 68 68 68 68 68 68 68 68 68 68
68 68 68 68 68 68 68 68 68 68 68 68 68 68 68 68 68
68 68 68 68 68 59 59 59 59 59 59 59 59 59 59 59 59
59 59 59 59 68 68 68 68 68 68 68 68 68 68 68 68 68
68 68 68 68 68 68 59 59 59 59 59 59 59 68 68 68 68
68 68 68 68 68 68 68 68 68 68 68 68 68 68 68 68 68
68 68 68 68 68 68 68 68 68 68 68 68 59 59 59 59 59
59 68 68 68 68 68 68 68 68 68 68 68 59 59 59 59 57
59 59 59 59 59 59 59 59 59 59 59 59 59 59 59 59 59
59 59 59 59 59 41 41 22 21 10 10 10 20 27 39 39 44

>Sample23_ITS1-F TRIM QUALITY: 20
23 32 33 41 41 50 50 50 47 41 41 37 37 42 47 44 23
17 3 0 3 17 19 47 59 59 59 33 44 33 36 36 50 57 57
57 57 57 57 59 59 57 57 57 57 57 57 59 59 68 68 68
68 68 68 68 68 68 68 68 68 68 68 68 68 68 68 68 68
68 68 68 59 68 68 68 68 68 68 68 68 68 68 68 68 68
68 68 59 59 57 57 57 57 57 68 68 68 68 68 68 68 68
68 68 68 57 57 57 68 57 57 57 68 68 68 59 59 59 59
59 59 59 68 68 68 68 57 57 57 57 57 57 57 57 57 57
57 57 57 68 68 68 68 68 68 68 68 68 68 68 68 68 68
68 68 68 68 68 68 68 68 68 68 68 68 68 68 68 68 68
59 59 59 59 68 68 68 68 68 68 68 68 68 68 68 68 68
68 68 59 57 57 62 62 68 68 68 68 68 68 68 68 68 68
68 68 68 68 68 68 68 68 68 68 68 68 68 68 68 68 68
68 68 68 68 68 68 68 68 68 68 68 68 62 62 62 62 68
68 68 68 68 68 68 62 62 62 62 62 62 62 62 62 62 62
62 62 62 62 62 62 62 62 62 62 62 62 62 62 68 68 68
68 68 62 62 68 68 68 68 68 68 68 68 68 68 68 68 68
68 68 68 68 68 68 68 68 68 68 68 68 68 68 68 62 62
62 62 62 68 68 68 68 68 62 62 62 62 62 62 62 68 68
68 68 68 68 68 68 68 68 68 68 68 68 68 68 68 68 68
68 68 68 68 68 68 68 68 68 68 68 68 68 68 68 68 68
68 68 68 68 68 68 68 68 68 68 68 68 68 68 68 68 68
68 68 68 68 44 44 26 26 26 44 44 68 68 68 68 68 68
68 68 68 68 68 68 68 68 68 68 68 68 68 68 68 68 68
68 68 68 68 68 68 68 62 62 62 62 62 62 68 44 44 31
31 31 44 44 68 68 68 68 68 68 68 68 68 68 68 68 68
68 68 68 68 68 68 68 68 68 68 68 68 59 59 59 59 68
68 59 59 59 59 59 59 59 68 68 68 68 59 59 59 59 59
59 59 68 68 68 68 68 68 68 68 68 68 68 68 68 68 68
68 68 68 68 68 68 59 59 57 57 59 59 59 68 68 68 68
68 68 68 68 68 68 68 68 68 68 68 68 59 59 59 59 59
59 59 68 68 68 68 68 68 68 68 68 68 44 44 28 28 28
44 44 68 68 68 68 59 59 59 59 59 59 59 54 54 54 59
59 59 57 57 57 57 57 57 59 59 59 59 59 59 59 59 59
59 59 59 57 57 57 57 57 57 59 59 48 48 59 59 59 59
47 27 21

>Sample23_ITS4 TRIM QUALITY: 20
41 37 37 33 50 50 50 47 47 50 50 50 50 57 57 57 50
47 47 47 47 48 48 48 48 48 48 48 59 59 59 59 59 59
59 59 57 57 57 57 68 68 68 57 57 57 57 59 59 59 59
59 59 57 57 57 57 57 57 57 57 59 59 68 68 68 57 57
57 57 57 57 57 57 57 57 59 59 59 59 57 57 57 57 57
57 59 57 57 57 57 57 57 57 57 68 68 68 68 57 57 57
57 44 44 29 29 27 44 44 68 68 57 59 59 59 59 59 59
59 59 68 68 59 68 68 68 68 68 68 68 68 68 68 68 68
68 68 68 68 68 68 68 68 68 68 68 59 59 35 35 35 44
44 68 59 59 59 68 68 68 68 68 68 68 68 68 68 68 68
68 68 68 68 68 68 62 62 62 62 62 62 62 62 62 62 62
68 68 62 62 62 62 62 62 62 62 62 62 62 62 62 62 62
62 62 62 62 62 62 62 62 62 62 62 62 68 68 68 68 62
62 62 62 62 62 62 62 62 62 62 68 68 68 68 68 68 68
68 68 68 68 68 68 68 68 68 68 68 68 68 68 68 68 62
62 62 62 62 62 62 62 62 62 62 62 62 68 68 68 68 68
62 62 62 62 62 62 62 68 68 68 68 68 68 68 68 68 68
68 68 68 68 62 62 62 62 62 62 62 62 62 62 62 62 62
68 68 68 68 68 68 68 68 68 62 62 62 62 62 62 62 68
68 68 68 68 68 68 68 68 68 68 68 68 68 68 68 68 68
68 68 68 68 68 68 68 68 68 68 68 68 68 68 68 68 68
68 68 68 68 68 68 68 68 68 68 68 68 68 68 68 68 62
62 62 62 62 62 62 68 62 62 62 62 62 62 62 68 62 62
62 62 62 62 62 62 68 68 68 68 68 68 68 68 68 68 68
68 68 68 68 68 68 68 68 68 68 68 59 59 59 59 59 57
57 57 57 57 57 59 59 59 59 59 59 59 68 68 68 68 68
68 68 68 68 59 59 57 57 57 57 59 68 68 68 68 68 59
59 59 59 59 59 59 59 59 59 68 68 68 68 68 68 68 68
68 59 59 59 57 57 59 59 59 59 59 59 59 59 68 59 59
59 59 59 59 59 59 59 59 59 59 59 59 59 59 59 59 59
59 59 59 59 68 59 59 59 68 68 68 68 68 68 68 68 68
68 68 68 68 68 68 68 68 68 68 68 59 59 59 59 59 59
59 59 59 59 68 68 68 68 59 59 59 59 59 59 59 59 59
59 59 59 59 59 59 59 48 48 48 59 59 57 57 57 50 50
50 59 59 30 25

>Sample24_ITS1-F TRIM QUALITY: 20
30 30 57 57 57 59 59 57 53 53 57 57 57 57 59 68 68
68 68 50 50 50 50 50 50 68 68 68 68 68 68 68 68 68
68 68 68 68 68 68 68 68 68 68 68 68 68 68 68 68 68
68 68 68 68 68 68 68 68 68 68 68 68 68 68 68 68 68
68 68 68 68 68 68 68 68 68 68 68 68 68 68 68 68 68
68 68 68 68 68 68 68 68 68 68 68 68 68 68 68 68 68
68 68 68 68 68 68 68 68 68 68 68 68 68 68 68 68 68
68 68 68 68 68 68 68 68 68 68 68 68 68 68 68 68 68
68 68 68 68 68 68 68 68 68 59 59 59 59 68 68 68 68
68 68 68 68 68 68 68 68 68 68 68 68 68 68 68 68 68
68 68 68 68 68 68 68 68 68 68 68 68 68 68 68 68 68
68 68 68 68 68 68 68 68 68 68 68 68 68 68 68 68 68
62 62 68 68 68 68 68 68 68 68 68 68 68 68 68 68 68
68 68 68 68 68 68 68 68 68 68 68 68 68 68 68 68 68
68 68 68 68 68 68 62 62 62 62 62 62 62 62 62 62 62
62 68 68 68 68 62 62 62 68 68 68 68 68 68 68 68 68
68 68 68 68 68 68 68 68 68 68 68 68 68 68 68 68 68
68 68 68 68 68 68 68 68 68 68 68 68 68 68 62 62 62
62 62 62 68 68 68 68 68 68 68 68 68 68 68 68 68 68
68 68 68 68 68 68 68 68 68 68 68 68 68 68 68 68 68
68 68 68 68 68 68 68 68 68 68 68 68 68 68 68 68 68
68 68 68 68 68 68 68 68 68 68 68 68 68 68 68 62 62
68 68 62 62 62 68 68 68 68 62 62 62 62 62 62 62 62
62 62 62 62 62 68 68 68 68 68 68 68 68 68 68 68 68
68 68 68 68 68 68 68 59 59 68 68 68 68 59 59 59 59
59 57 59 59 68 68 68 68 68 68 68 59 59 59 59 59 59
59 59 59 59 59 59 59 59 68 68 68 68 68 59 59 57 57
57 59 59 59 59 59 59 59 68 68 68 68 68 68 59 59 59
59 59 59 59 68 59 59 59 57 59 59 57 57 57 59 59 68
59 59 59 59 59 59 59 68 68 68 68 68 68 68 68 59 59
59 59 59 59 59 68 68 68 68 68 68 68 68 68 68 68 68
68 68 68 68 68 68 68 68 59 59 59 59 68 68 59 59 57
57 57 59 59 59 59 59 59 59 59 59 59 59 59 59 59 59
59 59 59 59 59 59 57 48 48 59 59 59 59 42 27 21

>Sample24_ITS4 TRIM QUALITY: 20
24 16 27 22 19 19 29 34 22 22 24 25 19 26 34 47 48
36 36 47 47 36 37 47 50 57 53 53 53 53 53 57 53 53
68 68 68 68 68 68 68 68 68 68 68 68 68 68 68 68 68
68 68 68 68 68 68 68 68 68 59 59 68 68 68 68 68 68
68 68 68 68 68 68 68 68 68 68 68 68 68 68 68 68 68
68 68 68 68 68 68 68 68 68 68 68 68 68 68 68 68 68
68 68 68 68 68 68 68 68 68 68 68 68 68 68 68 68 68
68 68 68 68 68 68 68 68 68 68 68 68 68 68 68 68 68
68 68 68 68 68 68 68 68 68 68 68 68 68 68 68 68 68
68 68 68 68 68 68 68 68 68 68 68 68 68 68 68 68 68
68 68 68 68 68 68 68 68 68 68 68 68 68 68 68 68 68
68 68 68 68 68 68 68 68 68 68 68 68 68 68 68 68 68
68 68 68 68 68 68 68 68 68 68 68 68 68 68 68 68 68
68 68 68 68 68 68 68 68 68 68 68 68 68 68 68 68 68
68 68 68 68 68 68 68 68 68 68 68 68 68 68 68 68 68
68 68 68 68 68 68 68 68 68 68 68 68 68 68 68 68 68
68 68 68 68 68 68 68 68 68 68 68 68 68 68 68 68 68
68 68 68 68 68 68 68 68 68 68 68 68 68 68 68 68 68
68 68 68 68 68 68 68 68 68 68 68 68 68 68 68 68 68
68 68 68 68 68 68 68 68 68 68 68 68 68 68 68 68 68
68 68 68 68 68 68 68 68 68 68 68 68 68 68 68 68 68
68 68 68 68 68 68 68 68 68 68 68 68 68 68 68 68 68
68 68 68 68 68 68 68 68 68 68 68 68 68 68 68 68 68
62 68 68 62 62 62 62 62 62 68 68 68 68 68 68 68 68
68 68 68 68 68 68 68 68 68 62 62 62 62 62 57 57 68
68 68 68 68 68 68 68 68 68 68 68 68 68 68 68 68 68
68 68 68 68 68 68 57 57 57 57 57 57 68 68 68 68 68
68 59 59 59 59 57 59 59 59 59 59 57 57 68 68 68 68
68 68 68 68 59 59 59 59 59 52 52 59 59 59 68 68 68
68 68 68 68 68 68 68 68 68 68 68 68 68 68 68 68 68
68 68 68 68 68 68 68 68 68 68 68 68 68 68 68 68 68
68 68 68 68 68 68 59 59 59 59 68 68 68 68 68 68 68
68 68 68 59 59 59 59 59 59 59 68 68 68 68 68 68 68
68 68 68 57 57 57 57 57 59 59 59 59 59 59 59 59 48
48 57 59 59 59 59 59 59 59 59 59 59 31 23

>Sample2_ITS1-F TRIM QUALITY: 20
23 25 37 37 37 48 59 59 53 57 57 59 57 57 57 57 57
57 59 59 59 59 59 59 59 57 68 68 68 68 57 57 57 57
57 57 68 68 68 68 68 68 68 68 68 68 68 68 68 59 59
59 59 59 59 57 57 57 57 57 57 57 68 68 68 68 68 68
68 68 59 57 57 57 57 57 57 57 68 68 68 59 59 59 59
59 59 59 59 59 59 59 68 68 68 68 68 68 68 59 59 57
57 57 57 57 68 68 68 68 68 68 68 68 68 68 59 59 57
57 57 57 57 68 68 68 68 68 68 68 68 68 68 68 68 68
68 68 68 68 68 68 59 59 57 57 57 57 57 68 68 68 68
68 68 59 59 57 57 57 57 68 68 68 68 57 68 68 68 68
62 62 62 62 62 62 62 68 62 62 62 62 62 62 62 62 62
62 62 62 62 62 62 62 62 62 62 62 62 68 68 68 68 62
62 62 62 62 62 62 62 62 62 62 62 62 62 62 62 62 62
62 62 62 62 62 62 62 62 62 68 62 62 62 62 62 62 62
68 68 68 68 68 68 68 68 62 62 62 62 62 62 62 68 68
68 68 62 62 62 62 62 62 62 68 68 68 68 68 68 68 68
68 68 68 68 68 62 62 62 62 62 62 62 68 62 62 62 62
62 62 62 62 62 62 62 62 62 62 62 62 62 62 68 68 68
68 68 68 62 62 62 62 62 62 62 62 62 62 62 62 62 62
68 68 68 68 68 68 68 68 68 68 68 62 62 62 62 62 62
62 62 62 68 68 68 68 68 68 68 68 68 68 68 68 68 68
68 68 68 68 68 68 68 68 62 62 62 62 62 62 62 62 62
62 62 62 62 62 62 62 62 62 62 62 62 62 62 62 62 62
62 62 62 62 62 62 62 62 62 62 62 62 62 62 62 62 62
68 68 68 68 68 62 62 62 62 62 62 62 62 62 62 62 62
62 62 62 62 62 68 68 68 68 68 68 68 68 68 68 68 68
68 68 68 68 62 62 62 62 62 62 62 62 62 62 62 39 39
39 62 62 62 62 62 62 62 62 62 62 62 62 52 52 52 62
62 62 62 62 62 62 62 52 52 52 62 62 62 62 62 62 62
62 62 62 62 62 52 52 52 62 62 62 62 62 62 62 62 62
62 62 62 62 62 62 62 62 52 52 45 52 52 57 57 54 54
52 59 57 57 59 59 59 57 57 57 57 57 57 57 59 59 59
59 59 59 59 59 57 57 57 59 59 57 57 57 59 59 59 59
59 59 59 59 57 57 57 59 57 57 59 57 57 54 57 54 57
57 59 59 59 59 59 57 57 57 57 57 57 57 59 59 59 57
57 57 57 59 57 57 54 54 54 59 54 50 50 48 48 48 59
59 57 57 57 57 57 48 57 47 47 43 44 44 59 57 57 57
57 57 57 57 43 43 39 47 43 59 59 59 59 54 54 54 59
59 59 57 57 57 57 57 57 54 48 57 46 48 48 48 48 48
48 59 59 48 48 48 59 57 57 57 57 46 43 43 43 32 32
20 20 20 32 32 33 33 24 24 30 30 31 37 41 43 59 41
41 41 47 43 46 46 48 57 48 48 48 59 48 37 37 28 28
16 27 16 23 23 34 32 30 30 22 22 28 30 31 37 44 44
47 47 40 40 32 32 32 40 37 39 39 41 37 37 35 41 41
41 26 26 15 18 13 28 28 31 36 35 39 29 34 29 29 32
37 39 39 39 41 37 37 44 43 43 41 46 46 47 46 41 41
41 41 32 32 28 23 23 28 28 37 37 41 34 29 22

>Sample2_ITS4 TRIM QUALITY: 20
21 18 16 16 29 29 30 27 27 37 39 29 29 28 28 22 29
34 39 41 39 32 23 25 28 28 31 31 33 53 53 53 53 53
53 53 50 50 50 53 57 57 57 57 59 59 59 59 68 68 68
68 68 68 68 68 57 57 57 59 68 68 68 68 68 68 68 68
68 68 68 68 68 68 68 68 68 68 68 57 57 57 57 57 57
68 68 68 68 68 68 68 68 68 68 68 68 68 68 68 68 68
68 68 68 68 68 68 68 68 68 68 68 68 68 68 68 68 68
68 68 68 68 68 68 68 68 68 68 68 68 68 68 68 68 68
68 68 68 68 68 68 68 68 68 68 68 68 68 68 68 68 68
68 68 68 68 68 68 68 68 68 68 68 68 68 68 68 68 68
68 68 68 68 68 68 68 68 68 68 68 68 68 68 68 68 68
68 68 68 68 68 68 68 68 68 68 68 68 68 68 68 68 68
68 68 68 68 68 68 68 68 68 68 68 68 68 68 68 68 68
68 68 62 62 62 62 62 62 62 68 68 68 68 68 68 68 68
68 68 68 68 68 68 68 68 68 68 68 68 68 68 68 68 68
68 68 68 68 68 68 68 68 68 68 68 68 68 68 68 68 68
68 68 68 68 68 68 68 68 68 68 68 68 68 68 68 68 68
68 68 68 68 68 68 68 68 68 68 68 62 62 62 68 68 68
68 68 68 68 68 68 68 68 68 68 68 68 68 68 68 68 68
68 68 68 68 68 68 68 68 68 68 62 62 62 62 62 62 62
62 62 62 62 62 62 62 68 68 68 68 68 68 68 62 62 68
68 68 62 62 62 62 62 62 62 68 68 68 68 68 68 68 68
68 68 68 68 68 68 68 68 68 68 68 68 68 68 68 68 68
68 68 68 68 68 68 68 68 68 68 68 68 68 68 68 68 62
68 68 68 68 68 68 68 68 68 68 68 68 68 68 68 68 68
68 68 68 68 68 68 68 62 62 62 62 62 62 68 68 68 68
68 68 68 68 68 68 68 68 68 62 68 68 68 68 68 68 68
68 68 68 68 68 62 62 68 68 68 68 68 68 68 62 62 68
62 62 62 62 62 62 62 68 68 68 68 62 62 62 62 62 62
62 68 68 68 68 68 68 68 68 68 68 68 68 68 62 62 62
62 62 62 62 68 68 68 68 68 68 68 68 62 62 62 62 62
62 62 62 62 62 52 52 62 62 62 62 62 52 52 52 62 62
62 62 62 62 62 62 62 62 62 59 57 57 57 59 57 59 57
57 57 59 59 59 45 45 45 52 52 52 57 57 57 57 52 52
52 57 57 57 57 57 57 59 57 57 57 57 57 57 57 57 57
57 57 57 59 59 57 57 57 57 57 57 57 57 57 57 57 57
57 57 57 57 57 43 52 52 52 52 54 54 54 54 59 57 57
54 59 59 59 59 59 54 54 54 57 57 57 57 50 50 35 35
39 44 42 44 44 57 57 57 54 54 47 59 57 54 54 57 57
43 43 43 47 57 48 48 48 48 57 59 59 59 59 57 57 57
59 54 54 54 59 57 57 57 47 47 43 43 43 43 43 57 48
48 48 48 48 48 48 48 48 48 48 59 48 48 48 48 48 48
48 47 43 43 40 41 41 41 37 39 35 31 31 39 39 41 37
37 32 32 35 37 39 47 47 59 47 35 32 32 39 39 34 31
32 37 37 37 47 39 39 36 43 43 37 37 30 33 33 37 37
39 41 21 16 12 12 12 16 24 41 43 43 37 37 30 30 30
30 30 30 30 28 23 28 28 24 36 31 31 32 39 39 46 46
46 32 32 18 18 13 15 15 28 23 25 34 30 19 28 13 14
13 28 28 39 34 32 39 31 31 35 32 31 31 32 28 32 26
30 29 25 32 28 24 21 15 13 14 21 25 17 16 13 11 12
14 19 18 18 3 0 3 18 18 20 22 18 32 20 25 25 26 28
32 35 35 26 28 19 28 28 25 21

>Sample3_ITS1-F TRIM QUALITY: 20
23 25 33 44 50 53 36 53 53 57 42 42 57 57 57 47 47
53 53 53 53 53 53 53 68 68 68 68 68 68 68 68 68 68
68 68 68 68 68 50 50 50 50 50 50 68 68 68 68 68 68
68 68 68 68 68 68 68 68 68 68 68 68 68 68 68 68 68
68 68 68 68 68 68 68 68 68 68 68 68 68 68 68 68 68
68 68 68 68 68 68 68 68 68 68 68 68 68 68 68 68 68
68 68 68 68 68 68 68 68 68 68 68 68 68 68 68 68 68
68 68 68 68 68 68 68 68 68 68 68 68 68 68 68 68 68
68 68 68 68 68 68 68 68 68 68 68 68 68 68 68 68 68
68 68 68 68 68 68 68 68 68 68 68 68 68 68 68 68 68
68 68 68 68 68 68 68 68 68 68 68 68 68 68 68 68 68
68 68 68 68 68 68 68 68 68 68 68 68 68 68 68 68 68
68 68 68 68 68 68 68 68 68 68 68 68 68 68 68 68 68
68 68 68 68 68 68 68 68 68 68 68 68 68 68 68 68 68
68 68 68 68 68 68 68 68 68 68 68 68 68 68 68 68 68
68 68 68 68 68 68 68 68 68 68 68 68 68 68 68 68 68
68 68 68 68 68 68 68 68 68 68 68 68 68 68 68 68 68
68 68 68 68 68 68 68 68 68 68 68 68 68 68 68 68 68
68 68 68 68 68 68 68 68 68 68 68 68 68 68 68 68 68
68 68 68 68 68 68 68 68 68 68 68 68 68 68 68 68 68
68 68 68 68 68 68 68 68 68 68 68 68 68 68 68 68 68
68 68 68 68 68 68 68 68 68 68 68 68 68 68 68 68 68
68 68 68 68 68 68 68 68 68 68 68 68 68 68 68 68 68
68 68 68 68 68 68 68 68 68 68 68 68 68 68 68 68 68
68 68 68 62 62 62 62 62 68 68 68 68 68 68 68 68 68
68 68 68 68 68 68 68 68 68 68 68 68 68 68 68 68 68
68 68 68 68 68 68 68 68 59 59 59 59 59 68 68 68 68
68 68 68 68 68 68 68 68 68 68 68 68 68 68 68 68 68
68 68 68 68 68 68 59 59 68 68 68 68 68 68 68 68 68
68 68 68 68 68 68 68 68 68 68 68 68 68 68 68 68 59
59 59 59 59 59 68 68 68 68 68 68 68 68 68 68 68 68
68 68 68 68 68 68 68 68 68 68 68 68 68 68 68 68 68
68 68 68 68 68 68 68 68 59 59 59 59 59 59 59 59 68
68 68 68 59 59 59 59 59 68 68 59 59 59 59 59 59 59
59 59 59 57 57 57 57 57 57 59 59 48 48 50 50 50 26
22

>Sample3_ITS4 TRIM QUALITY: 20
29 24 24 22 22 22 16 19 19 20 20 23 37 36 32 29 32
37 30 30 33 31 31 31 33 36 36 47 47 47 57 57 57 59
50 47 47 47 47 47 48 48 43 43 43 43 43 48 48 59 57
59 57 57 54 54 54 54 54 48 57 54 54 54 59 57 57 57
57 57 57 59 59 59 57 57 57 57 57 59 59 59 57 68 68
57 57 57 57 57 57 57 57 57 57 54 54 54 54 54 54 57
57 57 57 57 57 57 57 57 57 57 57 57 57 57 59 59 59
57 57 57 57 57 57 59 57 57 57 59 59 59 59 59 59 59
59 59 54 57 57 57 57 57 57 68 57 57 57 57 57 57 57
57 57 57 59 59 57 59 59 59 59 57 59 59 57 57 57 59
59 59 59 57 57 57 57 57 57 68 59 59 59 57 57 57 59
59 68 68 68 68 68 68 68 62 62 62 62 62 62 62 62 68
62 62 54 54 52 62 62 62 62 62 62 62 62 62 62 62 62
62 62 62 62 62 62 45 45 62 62 62 62 62 62 62 62 62
62 62 62 62 62 62 62 62 62 62 62 62 62 62 52 52 62
62 62 62 62 62 62 62 62 62 62 62 62 62 62 62 62 62
62 62 62 62 62 62 62 62 62 62 62 62 62 62 62 62 62
62 62 62 52 52 62 62 62 62 62 62 62 62 62 62 62 62
62 62 62 62 62 62 62 62 62 62 62 62 62 62 62 62 62
62 62 62 62 62 62 68 68 68 68 68 68 68 68 68 62 62
62 62 62 62 62 62 62 62 62 62 62 62 62 62 62 62 62
62 62 62 62 62 62 62 62 62 62 62 62 62 62 62 62 62
62 62 62 62 62 62 62 62 62 62 62 62 62 62 62 62 62
62 68 68 68 68 62 62 68 68 68 68 62 62 62 62 62 62
62 62 62 62 62 62 62 62 68 62 62 62 62 62 62 62 62
62 62 62 62 62 62 62 52 52 62 62 62 62 62 62 59 59
59 57 57 59 59 59 59 59 59 59 57 59 59 57 57 57 57
57 57 59 59 59 57 57 57 59 59 57 57 57 57 57 57 59
59 59 59 59 59 59 59 59 57 57 57 59 59 59 57 57 57
59 59 59 68 59 59 59 59 59 59 59 59 59 59 59 59 59
59 59 59 59 59 59 57 59 57 59 59 59 59 59 59 68 68
59 59 59 59 59 57 57 59 59 59 59 59 59 59 59 59 59
59 57 59 59 68 68 68 59 59 57 57 57 59 59 59 57 57
57 57 57 57 59 59 59 59 59 54 54 54 59 59 59 57 57
59 59 59 59 59 59 59 59 59 59 59 59 59 59 59 59 59
48 48 59 59 59 59 59 59 59 59 59 59 59 59 27 21

>Sample4_ITS1-F TRIM QUALITY: 20
24 32 38 57 59 57 50 43 43 47 50 50 53 57 53 53 53
50 68 68 68 68 68 68 68 68 68 68 68 68 68 68 68 68
68 68 68 68 68 68 68 68 68 68 68 68 68 68 68 68 68
68 68 68 68 68 68 68 68 68 68 59 59 59 57 57 57 57
68 68 68 68 68 68 68 68 68 68 68 68 68 68 68 68 68
68 68 68 68 68 68 68 68 68 68 68 68 68 68 68 68 68
68 68 68 68 68 68 68 68 68 68 68 68 68 68 68 68 68
68 68 68 68 68 68 68 68 68 68 59 57 57 57 68 68 68
68 68 68 68 68 68 68 68 68 68 68 68 68 68 68 68 68
68 68 68 68 68 68 68 68 68 68 68 68 68 68 68 68 68
68 68 68 68 68 68 68 68 68 68 68 68 68 68 68 68 68
68 68 68 68 68 68 68 68 68 68 68 68 68 68 68 68 68
68 68 68 68 68 68 68 68 68 68 68 68 68 68 68 68 68
68 68 68 68 68 62 62 62 62 62 62 62 62 62 62 68 68
68 68 68 68 68 68 68 68 68 68 68 68 68 68 68 68 68
68 68 68 68 68 62 62 62 62 62 68 68 68 68 68 68 68
68 68 68 62 62 62 62 62 62 62 68 68 68 68 68 68 68
68 68 68 68 68 68 68 68 68 68 68 68 68 68 68 68 68
68 68 68 68 68 68 68 68 62 62 62 62 68 68 68 68 68
68 68 68 68 68 62 62 62 62 62 62 62 68 68 68 68 68
68 68 68 68 68 68 68 68 68 68 68 68 68 68 68 68 68
68 68 68 68 68 68 68 62 62 62 68 68 68 68 68 68 68
68 68 68 68 68 68 68 68 68 59 59 59 59 59 59 57 57
68 68 68 68 68 68 68 68 68 68 68 68 68 68 68 68 68
68 68 68 68 68 68 68 68 68 68 59 59 59 59 59 68 68
68 68 68 68 68 68 68 57 57 59 59 57 59 59 68 68 68
68 59 68 68 68 68 59 59 59 59 59 59 59 68 68 68 68
68 68 68 68 68 68 68 68 68 68 59 59 59 59 59 59 59
68 59 59 68 68 68 68 68 57 57 59 68 57 57 57 57 57
57 59 68 68 68 68 68 68 68 68 68 68 68 68 68 68 59
59 59 57 57 57 57 54 54 57 57 57 68 68 68 68 57 57
57 57 59 59 59 59 59 59 59 59 59 59 59 59 59 59 59
59 59 50 50 27 21

>Sample4_ITS4 TRIM QUALITY: 20
33 37 37 33 33 33 33 36 36 53 53 53 50 50 50 59 59
57 57 57 57 57 53 50 50 50 68 68 68 68 50 50 50 50
50 47 68 68 68 68 68 68 68 68 68 68 68 68 68 68 68
68 68 68 68 68 68 68 68 68 68 68 68 68 68 68 68 68
68 68 68 68 68 68 68 68 68 68 68 68 68 68 68 68 68
68 68 68 68 68 68 68 68 68 68 68 68 68 68 68 68 68
68 68 68 68 68 68 68 68 68 68 68 68 68 68 68 68 68
68 68 68 68 68 68 68 68 68 68 68 68 68 68 68 68 68
68 68 68 68 68 68 68 68 68 68 68 68 68 68 68 68 68
68 68 68 68 68 68 68 68 68 68 68 68 68 68 68 68 68
68 68 68 68 68 68 68 68 68 68 68 62 62 62 62 62 68
68 68 68 68 68 68 68 68 68 68 68 68 68 68 68 68 68
68 68 68 68 62 62 62 62 62 62 62 68 68 68 68 68 68
68 68 68 68 68 68 68 68 68 68 68 68 68 68 68 68 68
68 68 68 68 68 68 68 68 68 68 68 68 68 68 68 68 68
68 68 68 68 68 68 68 68 68 68 68 68 68 68 68 68 68
68 68 68 68 68 68 68 68 68 68 68 68 68 68 68 68 68
68 68 68 68 68 68 68 68 68 68 68 68 68 68 68 68 68
68 68 68 68 68 68 68 68 68 68 68 68 68 68 68 68 68
68 68 68 62 62 62 62 62 62 62 68 68 68 68 68 68 68
68 68 68 68 68 68 68 68 68 68 68 68 68 68 68 68 68
68 68 68 68 68 68 68 68 68 68 68 68 68 68 68 68 68
68 68 68 68 68 68 68 68 68 68 57 57 57 57 57 68 68
68 68 68 68 68 68 68 68 68 68 68 68 68 68 68 68 68
68 68 68 68 68 68 68 68 68 68 68 68 59 57 57 57 57
57 57 68 68 68 68 68 68 68 68 68 68 68 68 68 68 68
68 68 68 68 68 68 68 68 68 68 68 68 68 68 68 68 68
68 68 68 68 68 68 68 68 68 68 68 68 68 68 68 68 68
68 68 68 68 68 68 68 68 68 68 68 68 68 68 68 68 68
68 68 59 59 59 59 59 59 68 68 68 68 68 68 68 68 68
68 68 57 57 57 57 57 59 59 59 59 59 59 59 59 59 59
57 59 59 59 57 53 50 50 50 50 27 21

>Sample5_ITS1-F TRIM QUALITY: 20
24 33 33 44 44 53 53 53 36 36 36 36 37 42 43 47 50
53 53 47 47 47 47 57 68 68 68 68 68 68 68 68 68 68
68 68 68 68 68 68 68 68 68 68 68 68 68 68 68 68 68
68 68 68 68 68 68 68 68 68 68 68 68 68 68 68 68 68
68 68 68 68 68 68 68 68 68 68 68 68 68 68 68 68 68
68 68 68 68 68 68 68 68 68 68 68 68 68 68 68 68 68
68 68 68 68 68 68 68 68 68 68 68 68 68 68 68 68 68
68 68 68 68 68 68 68 68 68 68 68 68 68 68 68 68 68
68 68 68 68 68 68 68 68 68 68 68 68 68 68 68 68 68
68 68 68 68 68 68 68 68 68 68 68 68 68 68 68 68 68
68 68 68 68 68 68 68 68 68 68 68 68 68 68 68 68 68
68 68 68 68 68 68 68 68 68 68 68 68 68 68 68 68 68
68 68 68 68 68 68 68 68 68 68 68 68 68 68 68 68 68
68 68 68 68 68 68 68 68 68 68 68 68 68 68 68 68 68
68 68 68 68 68 68 68 68 68 68 68 68 68 68 68 68 68
68 68 68 68 68 68 68 68 68 68 68 68 68 68 68 68 68
68 68 68 68 68 68 68 68 68 68 68 68 68 68 68 68 68
68 68 68 68 68 68 68 68 68 68 68 68 68 68 68 68 68
68 68 68 68 68 68 68 68 68 68 68 68 68 68 68 68 68
68 68 68 68 68 68 68 68 68 68 68 68 68 68 68 68 68
68 68 68 68 68 68 68 68 68 68 68 68 68 68 68 68 68
68 68 68 68 68 68 68 68 68 68 68 68 68 68 68 68 68
68 68 68 68 68 68 68 68 68 68 68 68 68 68 68 68 68
68 68 68 68 68 68 68 68 68 68 68 68 68 68 68 68 68
68 68 68 68 68 68 68 68 68 68 68 68 68 68 68 68 68
68 68 68 68 68 68 68 68 68 68 68 68 68 68 68 68 68
68 68 68 68 68 68 68 68 68 68 68 68 68 68 68 68 68
68 59 59 59 59 59 68 68 68 68 68 68 68 68 68 68 68
68 68 68 68 68 68 68 68 68 68 68 68 68 68 68 68 68
68 68 68 68 68 68 68 68 68 68 68 68 68 68 68 68 68
68 68 68 68 68 68 68 68 68 68 68 68 68 68 68 68 68
68 68 68 68 68 68 68 68 68 68 68 68 68 68 59 59 59
59 59 59 59 68 68 68 68 68 68 68 68 68 68 68 68 68
68 68 68 68 68 68 68 68 57 59 59 59 59 59 68 68 68
59 59 59 59 59 59 59 59 43 40 40 40 43 43 57 57 59
59 48 48 48 47 50 41 30

>Sample5_ITS4 TRIM QUALITY: 20
22 21 22 29 37 39 39 33 33 33 37 37 37 41 44 44 44
37 19 10 3 0 3 14 15 59 41 42 50 50 50 50 59 59 50
36 36 36 36 37 50 57 57 50 53 53 57 57 50 50 53 54
54 50 50 54 68 68 68 68 68 68 68 68 68 68 68 68 68
68 68 68 68 68 68 68 68 68 68 68 68 68 57 57 57 57
57 57 57 57 57 57 59 57 57 59 59 59 68 68 68 68 68
68 68 68 68 68 68 68 68 68 68 68 68 59 59 57 57 59
59 57 68 68 68 68 68 68 68 68 68 68 68 68 68 68 68
68 57 57 57 68 68 68 68 68 68 68 68 68 68 68 68 68
68 68 68 68 68 68 68 68 68 68 68 68 68 68 68 68 68
68 68 68 68 68 68 68 68 68 68 68 68 68 68 68 68 68
68 68 68 68 68 68 68 68 68 62 62 62 62 62 62 62 68
68 62 62 62 62 62 62 62 62 68 62 62 62 62 62 62 62
68 68 68 68 68 68 68 68 68 68 68 62 62 62 62 62 62
62 68 68 68 68 68 68 68 68 68 68 68 68 68 68 68 68
68 68 68 68 68 68 68 68 68 68 68 68 68 68 68 68 68
68 68 68 68 68 68 68 68 68 68 68 68 68 68 68 68 68
68 68 68 68 68 68 68 62 62 62 62 62 62 62 68 68 68
68 68 68 68 68 68 68 68 68 62 62 62 62 68 68 68 68
68 68 68 68 68 68 68 68 68 68 68 68 68 68 68 68 68
68 68 68 68 68 68 68 68 68 68 68 68 68 62 62 62 62
62 62 62 68 68 68 68 68 68 68 68 68 68 68 68 68 68
68 68 68 68 68 68 68 68 68 68 68 68 68 68 68 68 68
68 68 68 68 68 62 62 62 62 62 62 62 62 62 62 62 62
62 62 62 62 62 68 68 68 68 68 68 68 68 68 68 62 62
62 62 62 62 62 62 62 68 68 68 68 62 68 68 68 68 68
68 68 68 68 68 68 68 59 59 59 59 59 68 68 68 68 68
68 68 68 59 57 57 57 57 68 68 68 68 68 68 68 68 68
68 68 59 59 59 59 59 59 59 59 59 59 59 59 59 59 68
68 68 68 68 59 59 59 59 59 59 68 68 68 68 68 68 59
59 59 59 59 59 59 68 68 68 68 59 59 68 68 59 57 57
57 57 57 57 68 68 68 68 68 68 68 68 68 59 59 57 57
57 59 59 68 68 68 68 68 68 68 68 68 68 68 68 59 59
57 57 57 59 59 68 68 68 68 68 68 68 68 59 59 59 59
59 68 59 68 68 68 68 59 59 54 54 59 59 59 59 59 59
59 59 59 59 59 59 48 48 48 59 59 59 59 59 59 59 59
59 59 41 34

>Sample6_ITS1-F TRIM QUALITY: 20
22 22 39 50 50 50 50 59 59 57 57 42 43 43 43 53 50
57 57 59 59 59 59 59 68 68 68 68 68 68 68 68 68 68
68 68 68 68 68 68 68 68 68 68 68 68 68 68 68 68 68
68 68 68 68 68 68 68 68 68 68 68 68 68 68 68 68 68
68 68 68 68 68 68 68 68 68 68 68 68 68 68 68 68 68
68 68 68 68 68 68 68 68 68 68 68 68 68 68 68 68 68
68 68 68 68 68 68 68 68 68 68 68 68 68 68 68 68 68
68 68 68 68 68 68 68 68 68 68 68 68 68 68 68 68 68
68 68 68 68 68 68 68 68 68 68 68 68 68 68 68 68 68
68 68 68 68 68 68 68 68 68 68 68 68 68 68 68 68 68
68 68 68 68 68 68 68 68 68 68 68 68 68 68 68 68 68
68 68 68 68 68 68 68 68 68 68 68 62 62 68 68 68 68
68 68 68 68 68 68 68 68 68 68 68 68 68 68 68 68 68
68 68 68 68 68 68 68 68 68 68 68 68 68 68 68 68 68
68 68 68 68 68 68 68 68 68 68 68 68 68 68 68 68 68
68 68 68 68 68 68 68 68 68 68 68 68 68 68 68 68 68
68 68 68 68 68 68 68 68 68 68 68 62 62 68 68 68 68
68 68 68 68 68 68 68 68 68 68 68 68 68 68 68 68 68
68 68 68 68 68 68 68 68 68 68 68 68 68 68 68 68 68
68 68 68 68 68 68 68 68 68 68 68 68 68 68 68 68 68
68 68 68 68 68 68 68 68 68 68 68 68 68 68 68 68 68
68 68 68 68 68 68 68 68 68 68 68 68 68 68 68 68 68
68 68 68 68 68 68 68 68 68 68 68 68 68 68 68 68 68
68 68 68 68 68 68 68 68 68 68 68 68 68 68 68 68 68
68 68 68 68 68 68 68 68 68 68 68 68 68 68 68 68 68
68 68 68 68 68 68 68 68 68 59 59 59 68 68 68 59 59
59 59 59 59 59 59 59 59 59 68 68 68 68 68 68 68 68
68 68 68 68 68 68 68 68 68 68 68 68 68 68 68 68 68
68 68 68 68 68 68 68 68 68 68 68 68 57 57 68 68 68
68 68 68 68 68 68 68 68 68 68 68 68 68 68 68 68 68
68 68 68 68 68 68 68 68 59 59 68 68 68 68 68 68 68
68 68 68 68 68 68 68 68 68 68 68 68 68 68 68 68 68
68 68 68 68 68 68 68 68 68 68 68 68 68 68 59 59 59
59 59 59 59 59 59 59 59 59 59 59 59 59 59 59 59 59
59 59 59 33 30 24

>Sample6_ITS4 TRIM QUALITY: 20
22 32 37 41 41 47 47 50 50 50 42 42 43 43 57 57 57
57 57 57 57 50 50 50 68 68 68 54 54 57 57 57 68 68
68 68 68 51 51 50 48 48 50 57 57 54 57 57 57 57 57
57 57 57 57 57 68 68 57 57 57 57 57 57 57 57 48 48
54 57 59 59 59 57 57 57 57 57 57 57 57 57 57 57 57
59 59 59 59 59 59 57 57 57 57 57 57 57 57 57 59 68
68 68 68 68 57 57 57 59 59 59 57 57 57 57 57 57 57
57 57 59 59 59 59 59 59 59 59 59 59 59 59 59 57 59
57 57 57 68 57 57 59 59 68 68 68 68 68 57 57 57 57
57 57 57 57 57 57 68 68 68 68 68 59 59 57 57 62 62
62 68 68 68 62 62 62 68 62 62 62 62 62 62 62 62 62
62 62 62 62 62 62 62 62 62 62 62 62 62 62 62 62 62
62 62 62 62 62 62 62 62 62 62 62 62 68 68 62 62 62
62 62 62 62 62 62 62 62 62 62 62 62 62 62 68 68 68
68 62 62 62 62 62 62 62 68 68 68 68 68 68 68 68 62
62 62 62 62 62 62 68 68 68 68 68 68 68 68 68 68 68
68 68 62 62 62 62 62 62 62 68 68 68 68 68 68 68 68
68 68 62 62 62 62 62 62 62 62 62 62 62 62 62 62 62
62 62 62 62 62 62 62 62 62 68 68 68 62 68 68 68 68
68 68 68 68 68 68 68 68 68 68 68 68 68 62 62 62 62
62 62 62 68 68 62 62 62 62 62 62 62 68 68 68 68 68
68 68 68 68 68 68 62 62 62 62 62 62 62 62 62 62 62
62 62 62 62 62 62 62 62 62 62 62 62 68 68 68 68 68
68 68 68 68 68 68 68 68 68 68 68 68 68 68 68 68 68
68 68 68 68 68 62 62 62 68 62 62 62 68 68 68 68 68
68 68 68 68 68 68 68 59 59 59 68 68 68 68 68 68 59
59 57 57 57 59 59 59 59 59 59 59 59 59 59 68 68 59
68 68 68 68 59 59 68 68 68 68 68 68 68 68 68 68 68
68 68 68 59 59 59 59 59 59 59 59 68 59 59 59 59 59
59 59 68 59 59 59 59 59 59 59 59 59 59 59 68 68 59
59 57 57 59 59 57 57 59 59 68 68 68 68 68 68 68 68
68 68 68 68 68 68 68 68 68 68 68 68 68 59 59 59 59
59 59 59 59 59 59 59 59 59 59 59 59 59 59 59 59 57
48 48 57 57 57 59 59 59 59 59 59 59 57 59 48 48 59
59 59 59 59 59 48 59 59 59 59 31 27

>Sample7_ITS1-F TRIM QUALITY: 20
27 37 33 33 36 47 50 50 53 53 53 53 43 43 47 47 57
59 59 59 59 59 59 68 68 68 68 68 68 68 68 68 68 68
68 68 68 68 68 68 68 68 68 68 68 68 68 68 68 68 68
68 68 68 68 68 68 68 68 68 68 68 68 68 68 68 68 68
68 68 68 68 68 68 68 68 68 68 68 68 68 68 68 68 68
68 68 68 68 68 68 68 68 68 68 68 68 68 68 68 68 68
68 68 68 68 68 68 68 68 68 68 68 68 68 68 68 68 68
68 68 68 68 68 68 68 68 68 68 68 68 68 68 68 68 68
68 68 68 68 68 68 68 68 68 68 68 68 68 68 68 68 68
68 68 68 68 68 68 68 68 68 68 68 68 68 68 68 68 68
68 68 68 68 68 68 68 68 68 68 68 68 68 68 68 68 68
68 68 68 68 68 68 68 68 68 68 68 68 68 68 68 68 68
68 68 68 68 68 68 68 68 68 68 68 68 68 68 68 68 68
68 68 68 68 68 68 68 68 68 68 68 68 68 68 68 68 68
68 62 62 62 62 62 62 62 68 68 68 68 68 68 68 68 68
68 68 68 68 62 62 62 62 68 68 68 68 68 68 68 68 62
62 68 68 68 68 68 68 68 68 68 68 68 68 68 68 68 68
68 68 68 68 68 68 68 68 68 68 68 68 68 68 68 68 68
68 68 68 68 68 68 68 68 68 68 68 68 68 68 68 68 68
68 68 68 68 68 68 68 68 68 68 68 68 68 68 68 68 68
68 68 68 68 68 68 68 68 68 68 68 68 68 68 68 68 68
68 68 68 68 68 68 68 68 68 68 68 68 68 68 68 68 68
68 68 68 68 68 68 68 68 68 68 68 68 68 68 68 68 68
68 68 68 68 68 68 68 68 68 68 68 68 68 68 68 68 68
68 68 68 68 68 68 68 68 68 68 68 68 68 68 68 68 68
68 68 68 68 68 68 68 68 68 68 68 68 68 68 68 68 68
68 68 68 68 68 68 68 68 68 68 68 59 59 59 59 68 68
68 68 68 68 68 68 68 68 68 68 68 68 68 68 68 68 68
68 68 68 68 68 68 68 68 68 68 68 68 68 68 68 68 59
59 68 68 68 68 68 68 68 68 68 68 68 68 68 68 68 68
68 68 68 68 68 68 68 68 68 68 59 59 59 59 68 68 59
68 68 68 68 68 68 68 57 57 57 57 57 57 59 59 59 59
59 57 57 57 57 57 57 59 59 50 50 50 50 41 27

>Sample7_ITS4 TRIM QUALITY: 20
21 26 17 11 11 20 20 22 37 37 33 37 37 33 33 33 37
32 37 32 32 37 44 44 41 37 37 37 41 41 53 59 59 59
53 53 53 53 53 53 53 53 50 53 53 53 57 57 57 68 68
68 68 68 68 68 68 68 68 68 68 68 68 68 68 68 68 68
68 68 68 68 68 68 68 68 68 68 68 68 68 68 68 68 68
68 68 68 68 68 68 68 68 68 68 68 68 68 68 68 68 68
68 68 68 68 68 68 68 68 68 68 68 68 68 68 68 68 68
68 68 68 68 68 68 68 68 68 68 68 68 68 68 68 68 68
68 68 68 68 68 68 68 68 68 68 68 68 68 68 68 68 68
68 68 68 68 68 68 68 68 68 68 68 68 68 68 68 68 68
68 68 68 68 68 68 68 68 68 68 68 68 68 68 68 68 68
68 68 68 68 68 68 68 68 68 68 68 68 68 68 68 68 68
68 68 68 68 68 68 68 68 68 68 68 68 68 68 68 68 68
68 68 68 68 68 68 68 68 68 68 68 68 68 68 68 68 68
68 68 68 68 68 68 68 68 68 68 68 68 68 68 68 68 68
68 68 68 68 68 68 68 68 68 68 68 68 68 68 68 68 62
62 68 62 62 62 62 68 68 68 68 68 68 68 68 68 68 68
68 68 68 68 68 68 68 68 68 68 68 68 68 68 68 68 68
68 68 68 68 68 68 68 68 68 68 68 68 68 68 68 68 68
68 68 68 68 68 68 68 68 68 68 68 68 68 68 68 68 68
68 68 68 68 68 68 68 68 68 68 68 68 68 68 68 68 68
68 68 68 68 68 68 68 68 68 68 68 68 68 68 68 68 68
68 68 68 68 68 68 68 68 68 68 68 68 68 68 68 68 68
68 68 68 68 68 68 68 68 68 68 68 68 68 68 68 68 68
68 68 68 68 68 68 68 68 68 68 68 68 68 68 68 68 68
68 68 68 68 68 68 68 68 68 68 68 68 68 68 68 68 68
68 68 68 68 68 68 68 68 68 68 68 68 68 68 68 68 68
68 68 68 68 68 68 68 68 68 68 68 68 68 68 68 68 68
68 68 68 68 68 68 68 68 68 68 68 68 68 68 68 68 68
68 68 68 68 68 68 68 68 68 68 68 68 68 68 68 68 59
59 59 59 59 59 59 68 68 68 68 68 68 68 68 68 68 68
68 68 68 68 68 68 68 68 68 68 68 68 68 68 68 68 57
68 68 68 68 59 59 54 54 57 57 57 57 59 59 59 59 59
59 59 59 59 59 59 59 59 57 57 53 50 50 50 59 50 37
37 39 21

>Sample8_ITS1-F TRIM QUALITY: 20
20 20 22 14 12 12 23 32 36 57 57 57 57 57 57 57 57
57 57 53 53 53 57 57 57 57 68 68 68 68 68 68 68 68
51 50 50 50 68 51 68 68 68 68 68 68 68 68 68 68 68
68 68 68 68 68 68 68 68 68 68 68 68 68 68 68 68 68
68 68 68 68 68 68 68 68 68 68 68 68 68 68 68 68 68
68 68 68 68 68 68 68 68 68 68 68 68 68 68 68 68 68
68 68 68 68 68 68 68 68 68 68 68 68 68 68 68 68 68
68 68 68 68 68 68 68 68 68 68 68 68 68 68 68 68 68
68 68 68 68 68 68 68 68 68 68 68 68 68 68 68 68 68
68 68 68 68 68 68 68 68 68 68 68 68 68 68 68 68 68
68 68 68 68 68 68 68 68 68 68 68 68 68 68 68 68 68
68 68 68 68 68 68 68 68 68 68 68 68 68 68 68 68 68
68 68 68 68 68 68 68 68 68 68 68 68 68 68 68 68 68
68 68 68 68 68 68 68 68 68 68 68 68 68 68 68 68 68
68 68 68 68 68 68 68 68 68 68 68 68 68 68 68 68 68
68 68 68 68 68 68 68 68 68 68 68 68 68 68 68 68 68
68 68 68 68 68 68 68 68 68 68 68 68 68 68 68 68 68
68 68 68 68 68 68 68 68 68 68 68 68 68 68 68 68 68
68 68 68 68 68 68 68 68 68 68 68 68 68 68 68 68 68
68 68 68 68 68 68 68 68 68 68 68 68 68 68 68 68 68
68 68 68 68 68 68 68 68 68 68 68 68 68 68 68 68 68
68 68 68 68 68 68 68 68 68 68 68 68 68 68 68 68 68
68 68 68 68 68 68 68 68 68 68 68 68 68 68 68 68 68
68 68 68 68 68 68 68 68 68 68 68 68 68 68 68 68 68
68 68 68 68 68 68 68 68 68 68 68 68 68 68 68 68 68
68 68 68 68 68 68 59 59 59 59 59 68 68 68 68 68 68
68 68 68 68 68 68 68 68 68 68 68 68 68 68 68 68 68
68 68 68 68 68 68 68 68 68 68 68 68 68 68 68 68 57
57 57 57 57 59 57 57 57 57 57 57 57 57 59 59 59 59
59 59 59 59 41 27

>Sample8_ITS4 TRIM QUALITY: 20
22 16 16 25 32 39 39 41 47 50 50 50 50 53 35 30 23
33 33 36 44 50 50 57 59 59 59 57 50 50 50 50 68 68
68 68 68 68 68 68 68 51 50 50 50 50 50 68 68 68 68
68 68 68 68 68 68 68 68 68 68 68 68 68 68 68 68 68
68 68 68 68 68 68 68 68 68 68 68 68 68 68 68 68 68
68 68 68 68 68 68 68 68 68 68 68 68 68 68 68 68 68
68 68 68 68 68 68 68 68 68 68 68 68 68 68 68 68 68
68 68 68 68 68 68 68 68 68 68 68 68 68 68 68 68 68
68 68 68 68 68 68 68 68 68 68 68 68 68 68 68 68 68
68 68 68 68 68 68 68 68 68 68 68 68 68 68 68 68 68
68 68 68 68 68 68 68 68 68 68 68 68 68 68 68 68 68
68 68 68 68 68 68 68 68 68 68 68 68 68 68 68 68 68
68 68 68 68 68 68 68 68 68 68 68 68 68 68 68 68 68
68 68 68 68 68 68 68 68 68 68 68 68 68 68 68 68 68
68 68 68 68 68 68 68 68 68 68 68 68 68 68 68 68 68
68 68 68 68 68 68 68 68 68 68 68 68 68 68 68 68 68
68 68 68 68 68 68 68 68 68 68 68 68 68 68 68 68 68
68 68 68 68 68 68 68 68 68 68 68 68 68 68 68 68 68
68 68 68 68 68 68 68 68 68 68 68 68 68 68 68 68 68
68 68 68 68 68 68 68 68 68 68 68 68 68 68 68 68 68
68 68 68 68 68 68 68 68 68 68 68 68 68 68 68 68 68
68 68 68 68 68 68 68 68 68 68 68 68 68 68 68 68 68
68 68 68 68 68 68 68 68 68 68 68 68 68 68 68 68 68
68 68 68 68 68 68 68 68 68 68 68 68 68 68 68 68 68
68 68 68 68 68 68 68 68 68 68 68 68 68 68 68 68 68
68 68 68 68 68 68 68 68 68 68 68 68 68 68 68 68 68
68 68 68 68 68 59 59 59 68 68 68 68 68 68 68 68 68
68 68 59 59 59 59 59 59 68 68 68 57 68 68 68 68 59
59 57 57 57 57 57 57 59 59 59 59 59 59 59 59 57 57
48 59 59 57 50 50 50 50 50 59 59 36 34

>Sample9_ITS1-F TRIM QUALITY: 20
24 32 33 44 50 53 50 50 50 57 57 57 53 53 50 50 50
50 59 59 59 57 57 57 68 68 68 68 50 50 48 48 48 50
59 68 68 68 68 68 68 51 68 68 68 68 68 68 68 68 68
68 68 68 68 68 68 68 68 68 68 68 68 68 68 68 68 68
68 68 68 68 68 68 68 68 68 68 68 68 68 68 68 68 68
68 68 68 68 68 68 68 68 68 68 68 68 68 68 68 68 68
68 68 68 68 68 68 68 68 68 68 68 68 68 68 68 68 68
68 68 68 68 68 68 68 68 68 68 68 68 68 68 68 68 68
68 68 68 68 68 68 68 68 68 68 68 68 68 68 68 68 68
68 68 68 68 68 68 68 68 68 68 68 68 68 68 68 68 68
68 68 68 68 68 68 68 68 68 68 68 68 68 68 68 68 68
68 68 68 68 68 68 68 68 68 68 68 68 68 68 68 68 68
68 68 68 68 68 68 68 68 68 68 68 68 68 68 68 68 68
68 68 68 68 68 68 68 68 68 68 68 68 68 68 68 68 68
68 68 68 68 68 68 68 68 68 68 68 68 68 68 68 68 62
62 62 62 62 62 62 68 68 68 68 68 68 68 68 68 68 68
68 68 68 68 62 62 68 68 68 68 68 68 68 68 68 68 68
68 68 68 68 68 68 68 68 68 68 68 68 68 68 68 68 68
68 68 68 68 68 68 68 68 68 68 68 68 68 68 68 68 68
68 68 68 68 68 68 68 68 68 68 68 68 68 68 68 68 68
68 68 68 68 68 68 68 68 68 68 68 68 68 68 68 68 68
68 68 68 68 68 68 68 68 68 68 68 68 68 68 68 68 68
68 68 68 68 68 68 68 68 68 68 68 68 68 68 68 68 68
68 68 68 68 68 68 68 68 68 68 68 68 68 68 68 68 68
68 68 68 68 68 68 68 68 68 68 68 68 68 68 68 68 68
68 68 68 68 68 68 68 68 68 68 68 68 68 68 68 68 68
68 68 68 68 68 68 68 68 68 68 68 68 68 68 68 68 59
59 59 59 59 59 68 68 68 68 68 68 68 68 68 68 68 68
68 68 68 68 68 68 68 68 68 68 68 68 68 68 68 68 68
68 68 68 68 68 68 68 68 68 68 68 59 59 59 54 68 68
54 54 57 59 59 59 68 68 68 59 59 59 59 59 59 59 59
59 59 53 48 48 48 48 43 59 59 48 48 59 59 50 47 27
21

>Sample9_ITS4 TRIM QUALITY: 20
30 22 27 37 37 37 40 40 31 29 31 36 36 31 41 39 50
59 59 44 44 19 11 12 12 12 22 39 39 41 47 59 59 50
50 50 53 57 57 57 50 50 50 50 57 57 57 57 57 53 53
53 50 50 68 68 68 68 68 68 68 68 68 68 68 68 68 68
68 68 57 57 54 54 57 59 59 59 59 59 59 57 57 57 57
57 57 57 57 59 59 68 68 68 68 59 57 57 57 68 68 57
59 59 59 59 59 59 59 57 57 59 59 59 59 57 57 57 57
68 68 68 68 68 68 68 68 68 68 68 68 68 68 68 68 68
68 68 68 68 68 68 68 68 68 68 68 68 68 68 68 68 68
68 68 68 57 59 59 59 68 68 68 68 68 57 57 57 68 68
68 68 68 68 68 68 68 68 68 68 68 68 68 68 68 68 68
68 68 68 68 68 68 68 68 68 68 68 68 68 68 68 68 68
62 62 62 62 62 62 62 68 68 68 68 68 68 68 68 68 68
68 68 68 68 68 68 68 68 68 68 62 62 62 62 62 62 62
68 68 68 68 68 68 68 68 68 68 68 68 68 68 68 68 68
68 68 68 68 68 68 68 68 68 68 68 68 68 68 68 68 68
68 68 68 68 68 68 68 68 68 68 68 68 68 68 68 68 68
68 68 68 68 68 68 62 62 62 62 62 62 62 68 68 68 68
68 68 68 68 68 68 68 68 68 68 68 68 68 68 68 68 68
68 68 68 68 68 68 68 68 68 68 68 68 68 68 68 68 68
68 68 68 68 68 68 68 62 62 62 62 62 62 62 68 68 68
68 68 68 68 68 68 62 62 62 62 62 62 62 68 68 68 68
68 68 68 68 68 68 68 68 68 68 68 68 62 62 62 62 62
62 59 68 68 68 68 68 68 68 68 68 68 68 68 68 68 59
59 59 59 59 52 57 57 59 59 68 68 68 68 59 59 59 59
59 68 59 59 57 57 57 59 59 68 68 68 68 68 68 68 68
68 68 68 68 68 68 68 68 68 68 68 68 59 59 59 59 59
59 59 59 68 68 68 68 68 68 68 68 68 59 59 59 59 59
68 68 68 68 68 68 68 68 68 68 68 68 68 68 68 68 59
59 59 59 68 68 68 68 68 68 68 68 68 68 68 68 68 68
68 68 68 68 68 59 59 59 59 57 59 59 59 59 68 68 68
68 59 57 54 54 57 57 57 68 59 59 59 59 59 59 59 57
48 48 48 59 59 57 48 48 48 59 59 50 50 50 50 41 30
20

